**Grain ID, phi1, PHI, phi2
   1.0000    0.1978    0.4645    5.4739
   2.0000    5.8537    0.6970    0.3393
   3.0000    1.9650    0.6309    4.4017
   4.0000    2.1260    0.9318    3.9090
   5.0000    5.8489    0.6980    0.3410
   6.0000    0.7860    0.8211    6.1142
   7.0000    5.7870    0.0825    0.2770
   8.0000    5.7931    0.3140    1.1472
   9.0000    5.7931    0.3140    1.1472
  10.0000    2.0450    0.1679    4.8389
  11.0000    6.0465    0.8038    0.4119
  12.0000    4.5294    0.5743    1.3299
  13.0000    0.3513    0.3974    5.7756
  14.0000    0.3539    0.3995    5.7784
  15.0000    5.7844    0.7046    6.1875
  16.0000    2.0022    0.4636    4.9274
  17.0000    3.8061    0.5259    2.2427
  18.0000    1.6671    0.1831    4.5443
  19.0000    5.7422    0.9725    0.8624
  20.0000    2.0095    0.4618    4.9197
  21.0000    3.7693    0.6365    2.6723
  22.0000    3.8101    0.5231    2.2382
  23.0000    5.2773    0.6459    0.4611
  24.0000    0.5049    0.7185    5.5711
  25.0000    2.8770    0.6656    3.6991
  26.0000    0.6237    0.8186    5.1733
  27.0000    5.7319    0.9676    0.8660
  28.0000    0.3443    0.2292    5.6961
  29.0000    0.1969    0.7621    6.0230
  30.0000    5.6911    0.1780    6.1249
  31.0000    5.8428    0.8513    0.6707
  32.0000    4.4396    0.1525    1.0744
  33.0000    6.1283    1.4269    0.0047
  34.0000    4.8978    0.7723    0.6416
  35.0000    5.4269    0.4740    1.1315
  36.0000    2.0603    0.6761    4.4712
  37.0000    2.8770    0.6656    3.6991
  38.0000    2.9957    0.1420    3.1337
  39.0000    0.1951    0.5323    6.0198
  40.0000    3.8067    0.3416    1.7258
  41.0000    3.9103    0.6490    2.3295
  42.0000    6.0035    0.3002    5.9589
  43.0000    3.9366    0.6495    2.3065
  44.0000    5.9805    0.3108    5.9900
  45.0000    5.5904    0.7206    1.2184
  46.0000    0.2117    0.7903    6.1416
  47.0000    0.4461    0.4905    5.3758
  48.0000    5.1961    0.3126    0.8498
  49.0000    1.0235    0.3186    4.8939
  50.0000    1.4345    0.7092    4.2694
  51.0000    0.1584    0.5408    0.0660
  52.0000    2.3516    0.8397    4.3967
  53.0000    1.2972    0.1167    4.7239
  54.0000    3.0511    0.6632    2.9879
  55.0000    4.5770    0.3628    2.3946
  56.0000    5.2072    0.7488    1.3411
  57.0000    5.4618    0.5648    1.1381
  58.0000    3.6637    0.5310    3.3502
  59.0000    4.2797    0.5941    1.8781
  60.0000    0.9923    0.3280    5.4350
  61.0000    3.5652    0.5551    2.2672
  62.0000    1.0011    0.3314    5.4329
  63.0000    3.5559    0.5508    2.2832
  64.0000    5.2755    0.6969    1.1050
  65.0000    0.3545    0.3920    5.8795
  66.0000    3.6117    0.4738    3.2482
  67.0000    2.3842    0.2781    3.5678
  68.0000    5.4711    0.5674    1.1387
  69.0000    2.3963    0.2765    3.5615
  70.0000    2.8688    0.7041    3.6271
  71.0000    2.8522    0.7080    3.6458
  72.0000    4.2625    0.2422    1.2917
  73.0000    5.5555    0.7854    0.6353
  74.0000    0.1271    0.6890    5.8655
  75.0000    4.7603    0.4022    1.2430
  76.0000    4.7844    0.4830    1.6713
  77.0000    5.5132    0.4074    1.3783
  78.0000    6.2609    0.5625    0.3140
  79.0000    0.1969    0.7621    6.0230
  80.0000    2.1413    0.6966    3.9753
  81.0000    1.1188    0.3278    5.5156
  82.0000    0.9258    0.0947    5.1238
  83.0000    4.0982    0.8064    2.4509
  84.0000    0.1893    0.2970    0.1904
  85.0000    5.9944    0.2997    5.9697
  86.0000    2.1231    0.6987    4.7979
  87.0000    5.2158    0.6848    1.5127
  88.0000    0.0810    0.4247    5.7496
  89.0000    0.2055    0.3000    0.1752
  90.0000    1.4715    0.6898    5.5643
  91.0000    2.9494    0.4378    3.0831
  92.0000    2.9296    0.9599    3.2461
  93.0000    0.6034    0.8939    5.5028
  94.0000    0.7382    0.8085    5.8348
  95.0000    1.1982    0.1388    5.8488
  96.0000    4.3271    0.6836    2.0782
  97.0000    3.9103    0.6490    2.3295
  98.0000    0.9176    0.0997    5.1370
  99.0000    4.0632    0.7506    2.2324
 100.0000    1.2190    0.5644    4.6565
 101.0000    5.4898    0.3930    0.7686
 102.0000    2.0095    0.4618    4.9197
 103.0000    3.7605    0.5476    2.7580
 104.0000    4.4097    0.0747    1.8438
 105.0000    1.1629    0.6770    4.6438
 106.0000    2.9304    0.9599    3.2463
 107.0000    5.6915    0.6259    0.1030
 108.0000    0.8675    0.6811    6.0757
 109.0000    2.5071    0.7828    4.0090
 110.0000    5.8108    0.4591    0.6664
 111.0000    0.2189    0.5586    0.0627
 112.0000    4.9117    0.7210    1.7935
 113.0000    2.2438    0.7513    3.3858
 114.0000    5.2158    0.6848    1.5127
 115.0000    1.7945    0.6785    4.7346
 116.0000    1.8000    0.4660    5.0930
 117.0000    5.9748    0.4170    6.2343
 118.0000    1.8404    0.7645    4.1041
 119.0000    1.8000    0.4660    5.0930
 120.0000    2.5981    0.2399    3.4364
 121.0000    3.3465    0.5884    3.3427
 122.0000    1.0793    0.8212    5.4948
 123.0000    2.5982    0.2400    3.4364
 124.0000    3.9624    0.8789    2.1876
 125.0000    3.7264    0.6334    3.0617
 126.0000    2.2438    0.7513    3.3858
 127.0000    1.5913    0.6633    4.8644
 128.0000    1.8000    0.4660    5.0930
 129.0000    1.8000    0.4660    5.0930
 130.0000    0.8979    0.1371    5.6962
 131.0000    1.8000    0.4660    5.0930
 132.0000    2.3674    0.3326    4.2611
 133.0000    1.5913    0.6633    4.8644
 134.0000    3.2262    0.2863    2.7307
 135.0000    5.2941    0.3146    0.7089
 136.0000    1.1865    0.7935    4.9862
 137.0000    1.8000    0.4660    5.0930
 138.0000    0.2034    0.2165    6.1734
 139.0000    0.2545    0.7635    0.0972
 140.0000    0.1683    0.5640    0.4185
 141.0000    2.2811    0.8030    4.4853
 142.0000    6.1039    0.2671    6.0106
 143.0000    0.2034    0.2165    6.1733
 144.0000    3.3260    0.5856    3.3887
 145.0000    3.3260    0.5856    3.3887
 146.0000    4.5089    0.7442    2.4433
 147.0000    0.1666    0.6750    0.4294
 148.0000    4.3180    0.7893    1.9626
 149.0000    4.5089    0.7442    2.4433
 150.0000    5.4637    0.6140    0.0473
 151.0000    1.0390    0.5987    5.9025
 152.0000    1.9650    0.6309    4.4017
 153.0000    0.5049    0.7185    5.5711
 154.0000    2.9304    0.9599    3.2463
 155.0000    4.3766    0.3722    1.4931
 156.0000    5.1241    0.5876    1.0852
 157.0000    1.0429    0.4095    4.6101
 158.0000    2.0938    0.8360    3.7978
 159.0000    4.7254    0.3512    2.0548
 160.0000    1.0273    0.4179    4.6340
 161.0000    4.7054    0.0693    1.5540
 162.0000    4.7054    0.0693    1.5540
 163.0000    2.5728    0.7670    4.1783
 164.0000    2.3326    0.3004    3.1777
 165.0000    0.1858    0.7769    5.6880
 166.0000    3.5327    0.8094    2.9473
 167.0000    0.3710    0.5324    0.3122
 168.0000    0.6554    0.3943    5.7943
 169.0000    5.4689    0.4851    6.1193
 170.0000    1.0767    0.7721    5.8357
 171.0000    4.4388    0.1638    1.0779
 172.0000    4.0483    0.6619    2.5842
 173.0000    5.3180    0.3516    0.3983
 174.0000    0.5831    0.8044    5.8409
 175.0000    5.1250    0.1664    1.7756
 176.0000    2.6505    0.0813    4.2453
 177.0000    2.0764    0.8397    3.7971
 178.0000    1.5494    0.5124    4.4096
 179.0000    2.6505    0.0813    4.2453
 180.0000    4.3220    0.7879    1.9509
 181.0000    5.2558    0.7908    0.7578
 182.0000    0.6590    0.9316    5.7306
 183.0000    1.6105    0.5553    5.3768
 184.0000    4.2308    0.4305    2.3442
 185.0000    2.9861    0.6044    3.8955
 186.0000    0.0631    0.4652    0.4318
 187.0000    1.0793    0.8212    5.4948
 188.0000    5.7607    0.3305    0.0190
 189.0000    3.8701    0.8088    2.7072
 190.0000    4.8712    0.5827    1.3345
 191.0000    3.3465    0.5884    3.3427
 192.0000    1.8597    0.2415    3.7177
 193.0000    5.5409    0.3076    1.1010
 194.0000    1.2256    0.3658    4.6305
 195.0000    4.6923    0.3761    1.9677
 196.0000    1.5271    0.3487    5.8726
 197.0000    4.1809    0.6514    2.8208
 198.0000    5.7367    0.8824    0.1669
 199.0000    3.9246    0.7030    2.0254
 200.0000    5.9083    0.5267    0.6831
 201.0000    4.3925    0.6746    2.4756
 202.0000    1.8392    0.2456    3.7278
 203.0000    5.7824    0.6276    0.6972
 204.0000    3.4034    0.2661    2.1457
 205.0000    1.6204    0.2968    4.2341
 206.0000    2.0450    0.1679    4.8389
 207.0000    4.5669    0.6315    1.6656
 208.0000    0.3882    0.3395    0.2965
 209.0000    1.3940    0.6381    4.7748
 210.0000    3.6273    0.6449    3.1084
 211.0000    3.6620    0.3955    3.0641
 212.0000    4.7054    0.0693    1.5540
 213.0000    2.5387    0.8940    4.0371
 214.0000    4.8224    0.4051    1.2920
 215.0000    4.4139    0.6212    2.2082
 216.0000    1.4965    0.4969    4.4212
 217.0000    6.2380    0.7486    0.1377
 218.0000    0.1763    0.6737    0.4451
 219.0000    1.1737    0.4003    4.5277
 220.0000    3.7355    0.8883    2.4757
 221.0000    1.8500    0.2412    3.7940
 222.0000    5.9979    0.6407    0.8815
 223.0000    0.0236    0.6526    0.4192
 224.0000    2.1018    0.6864    4.1583
 225.0000    3.7496    0.6573    1.9063
 226.0000    4.5925    0.6471    1.6342
 227.0000    1.8624    0.2466    3.7901
 228.0000    2.6270    0.3171    3.3153
 229.0000    0.6071    0.5405    6.0107
 230.0000    6.2750    0.6996    5.8572
 231.0000    2.0690    0.3678    5.0441
 232.0000    0.6923    0.8482    5.3303
 233.0000    5.3482    0.5982    0.7771
 234.0000    3.3668    0.5734    3.3252
 235.0000    3.3608    0.6523    3.1700
 236.0000    5.1764    0.5212    1.4042
 237.0000    2.6599    1.6756    1.4067
 238.0000    3.6060    0.1903    2.2015
 239.0000    3.5801    0.6577    3.1038
 240.0000    1.1580    0.8287    5.7798
 241.0000    1.8167    0.6212    4.2306
 242.0000    3.3465    0.5884    3.3427
 243.0000    6.2494    0.4651    5.5997
 244.0000    1.7784    0.6770    5.0552
 245.0000    0.8020    0.8643    5.3399
 246.0000    3.8214    0.4047    3.0023
 247.0000    5.1764    0.5212    1.4042
 248.0000    0.7417    0.8089    5.8400
 249.0000    2.9797    0.3190    3.7122
 250.0000    4.7203    0.3782    1.9346
 251.0000    5.8051    0.6710    5.9969
 252.0000    5.6209    0.8838    0.8970
 253.0000    4.6605    0.4606    1.2549
 254.0000    4.0339    1.0839    2.2225
 255.0000    4.6040    0.4096    1.8901
 256.0000    3.5517    0.6843    3.0423
 257.0000    5.8470    0.5210    0.6874
 258.0000    1.7826    0.2526    3.7676
 259.0000    2.7979    0.3669    3.6602
 260.0000    3.6578    0.8031    1.9658
 261.0000    4.7174    0.4991    1.5947
 262.0000    5.7109    0.9610    0.0332
 263.0000    4.3674    0.6905    1.4058
 264.0000    2.9861    0.6044    3.8955
 265.0000    2.5837    0.3856    4.7436
 266.0000    6.1428    0.6776    0.6403
 267.0000    2.9437    0.3801    4.0501
 268.0000    0.2116    0.7309    5.3523
 269.0000    1.4335    0.4603    5.8843
 270.0000    2.1679    0.7930    4.1903
 271.0000    0.9907    0.6698    5.5222
 272.0000    0.2474    0.3883    6.0374
 273.0000    4.3674    0.6905    1.4058
 274.0000    0.2995    0.5988    5.8927
 275.0000    4.7268    0.6419    2.1824
 276.0000    3.6049    0.4136    2.6875
 277.0000    5.8596    0.4886    0.3839
 278.0000    1.2567    0.3712    4.6562
 279.0000    1.9557    0.3610    4.6718
 280.0000    2.6599    1.6756    1.4067
 281.0000    2.5950    0.6138    3.0894
 282.0000    2.1052    0.4558    3.4352
 283.0000    2.9831    0.7280    2.5405
 284.0000    3.2061    0.4651    2.3966
 285.0000    2.1745    0.7859    4.1926
 286.0000    4.0451    0.9220    2.1199
 287.0000    5.1997    0.2921    1.8605
 288.0000    5.2385    0.6156    1.0320
 289.0000    1.5037    0.5032    4.1204
 290.0000    0.2986    0.5267    0.3571
 291.0000    2.5767    0.6428    4.2909
 292.0000    2.5211    0.6191    3.0843
 293.0000    1.5037    0.5032    4.1204
 294.0000    4.5298    0.6699    1.5483
 295.0000    6.0459    0.4714    6.2261
 296.0000    1.5037    0.5032    4.1204
 297.0000    4.7889    0.6231    1.0958
 298.0000    2.6043    0.8234    4.2105
 299.0000    6.0459    0.4714    6.2261
 300.0000    5.3422    0.7820    1.0138
 301.0000    2.8157    0.4941    3.1059
 302.0000    0.2123    0.5904    5.8726
 303.0000    4.2836    0.5937    1.3943
 304.0000    5.2056    0.3042    0.2873
 305.0000    3.5333    0.3032    2.0027
 306.0000    3.2903    0.5681    3.1525
 307.0000    5.7814    0.7630    0.6799
 308.0000    5.7683    0.8756    0.5789
 309.0000    4.5129    0.1814    2.9915
 310.0000    1.0786    0.9007    5.6644
 311.0000    5.0512    0.5219    1.7211
 312.0000    2.6473    0.2910    2.9042
 313.0000    0.4891    0.4422    6.2643
 314.0000    1.0527    0.2684    4.8235
 315.0000    3.7481    0.6120    2.8539
 316.0000    3.7032    0.5986    2.8502
 317.0000    0.6814    0.4269    6.1517
 318.0000    2.7703    0.7816    4.2172
 319.0000    6.1198    0.5567    0.3192
 320.0000    1.8792    0.4959    4.7463
 321.0000    1.8792    0.4959    4.7463
 322.0000    5.2320    0.5638    1.3358
 323.0000    2.5089    0.7721    4.0937
 324.0000    1.3003    0.4540    5.2564
 325.0000    6.2273    0.1853    0.2425
 326.0000    0.9012    0.3593    4.6242
 327.0000    2.9269    0.2014    2.8870
 328.0000    6.0988    1.3955    0.0242
 329.0000    6.0988    1.3955    0.0242
 330.0000    4.0459    0.9123    2.8114
 331.0000    3.6510    0.7610    2.9702
 332.0000    1.8111    0.2989    4.9576
 333.0000    6.1230    0.7631    0.8022
 334.0000    2.0056    0.7042    4.5707
 335.0000    4.8565    0.7979    0.6752
 336.0000    5.7278    0.2292    0.5955
 337.0000    0.5475    0.6085    0.0566
 338.0000    4.1291    0.6124    2.8519
 339.0000    6.1746    0.6619    0.6218
 340.0000    1.8979    0.3380    4.3193
 341.0000    0.2189    0.5609    0.3174
 342.0000    5.4926    0.3158    1.1345
 343.0000    1.8468    0.2449    5.3805
 344.0000    3.5981    0.6290    2.3354
 345.0000    0.8675    0.6811    6.0757
 346.0000    0.1978    0.4645    5.4739
