-1.41481e+09 0 0 0
1 -5.57138 -3.47122 4.55426
2 -1.05651 -0.196453 1.03869
3 -0.727185 2.0415 -1.32219
4 0.593154 5.74601 -4.3921
5 0.00605374 -0.703023 0.134271
6 -0.374251 1.10966 -0.697044
7 -0.322498 -0.916412 -0.950087
8 0.342884 -1.29242 -1.0104
9 5.29041 -5.82535 6.81865
10 2.33309 1.99241 -3.99139
11 2.50149 5.06651 -3.51545
12 -0.301022 -3.50526 -2.80437
13 0.0510295 1.42431 -0.167983
14 -0.00659004 -0.662558 -0.334585
15 0.21586 -0.5889 0.134251
16 3.92397 4.25883 -4.52093
17 1.22428 -0.214124 -1.21564
18 1.28532 0.652533 -0.465571
19 -0.170823 -0.917708 0.878279
20 -0.611056 -0.709683 -0.572796
21 -0.714914 -1.55117 -1.06519
22 0.169814 1.22785 -0.302575
23 -0.671192 -1.00414 -0.408441
24 1.11778 -0.282851 -1.18784
25 -1.1986 -0.144046 0.428444
26 -2.27752 -0.296414 -3.3761
27 1.97928 1.5055 -1.15495
28 0.896505 1.62482 -2.19548
29 -21.6891 2.21335 12.0858
30 2.64679 2.13986 -2.82237
31 0.979873 0.274511 0.889227
32 -1.19122 1.04902 0.391277
33 -0.849562 -0.67696 0.250395
34 0.212642 0.908278 0.0550156
35 0.574201 -0.480903 -0.849176
36 0.0544007 -1.06901 -0.171564
37 -0.327207 0.916465 -0.428007
38 -0.444085 1.26058 1.26864
39 1.22965 -0.446992 1.40759
40 -0.160796 1.3317 -0.148247
41 2.50282 0.563741 -1.33643
42 13.7114 26.6616 -7.95486
43 -3.19564 -0.422613 -3.70949
44 -3.88097 0.570345 3.09273
45 0.983854 0.523071 0.953435
46 0.974106 -0.571325 0.0814618
47 1.23225 -0.314416 1.29881
48 0.551752 1.80453 0.588359
49 0.785505 0.451281 1.09501
50 4.17518 -7.56443 -5.56694
51 1.50833 0.640312 -0.48805
52 63.145 47.8869 74.7872
53 1.23177 1.70861 -1.18664
54 4.17518 -7.56443 -5.56694
55 2.65611 -3.17374 5.69443
56 -8.89343 7.00219 6.28481
57 1.34806 -10.7967 -9.13878
58 0.400833 -0.561012 0.216038
59 2.95332 -1.53774 -2.49496
60 -0.746723 -0.0784209 -0.462083
61 -0.00659004 -0.662558 -0.334585
62 1.19752 1.89724 0.849438
63 -2.57972 0.352952 -1.13596
64 0.939188 -0.463548 0.178743
65 -37.9372 44.0092 -50.3859
66 4.32811 -0.0116582 3.34537
67 -1.66953 0.681379 1.1471
68 0.574201 -0.480903 -0.849176
69 -2.58222 2.72515 -2.95094
70 -2.67183 -3.17711 -6.28931
71 1.69146 0.287532 2.5829
72 -6.4451 0.0157997 5.18714
73 1.52166 2.32811 -2.88629
74 -0.311644 1.24147 -1.07222
75 0.750931 0.593728 1.33517
76 0.0669023 1.4191 -0.158709
77 0.771903 -0.569042 0.0350014
78 0.749747 0.181692 0.40446
79 -296.332 902.837 -624.712
80 -0.874246 1.71542 1.90827
81 1.03249 -0.328525 -0.0284881
82 0.603088 -0.39401 0.396911
83 -0.327207 0.916465 -0.428007
84 -0.624432 0.783948 0.413679
85 0.0498374 -1.6856 0.8134
86 0.777865 -0.233421 0.554303
87 6.1735 -8.29916 -9.99189
88 41.8423 24.6627 38.5831
89 4.17518 -7.56443 -5.56694
90 -0.94689 -0.201615 0.845705
91 2.70845 1.36086 -1.69432
92 -0.301022 -3.50526 -2.80437
93 -0.788702 -1.31248 -0.636423
94 -0.709013 -0.216411 0.129231
95 0.801374 0.684011 -0.339148
96 -1.24254 -0.789106 1.10664
97 0.687471 1.2595 0.343851
98 0.616904 0.0667385 0.411322
99 -0.00659004 -0.662558 -0.334585
100 0.394706 1.35667 -0.921966
101 -0.215221 -0.879093 0.875811
102 -0.849562 -0.67696 0.250395
103 0.0291212 0.840592 0.244209
104 -5.57138 -3.47122 4.55426
105 -1.45623 -0.0888225 -0.517885
106 -1.38981 0.0835937 1.74202
107 1.22965 -0.446992 1.40759
108 4.32811 -0.0116582 3.34537
109 0.76064 -1.45027 -0.1561
110 -0.0350188 2.90459 -2.80804
111 0.919763 0.509835 0.251213
112 1.80869 -1.5968 1.68128
113 1.23177 1.70861 -1.18664
114 -0.800361 0.245678 0.359079
115 1.23177 1.70861 -1.18664
116 1.23177 1.70861 -1.18664
117 0.574201 -0.480903 -0.849176
118 -1.24254 -0.789106 1.10664
119 0.383514 4.91957 -0.857171
120 5.29041 -5.82535 6.81865
121 0.847073 0.672712 -0.391762
122 1.09347 -0.377492 -0.851714
123 -0.374251 1.10966 -0.697044
124 -0.367319 -0.654447 -1.01183
125 1.00102 0.539864 1.10389
126 21.8981 -1.4782 -13.8123
127 0.0160917 2.55994 1.5805
128 1.18779 1.60445 -1.02382
129 2.91431 5.08448 -3.95671
130 -0.00659004 -0.662558 -0.334585
131 -4.24842 0.300981 2.74244
132 -1.63216 0.225578 1.73789
133 -0.688321 1.64243 -1.17389
134 -0.24844 -1.51812 -1.71487
135 1.09347 -0.377492 -0.851714
136 15.3005 11.1332 15.135
137 -0.443789 -0.832595 0.709488
138 0.333025 1.02947 -0.762969
139 0.198219 -0.990682 1.21056
140 0.0860435 -0.923213 -0.964547
141 1.11778 -0.282851 -1.18784
142 1.19752 1.89724 0.849438
143 -6.4451 0.0157997 5.18714
144 -2.5905 -0.895759 -1.8424
145 1.18779 1.60445 -1.02382
146 -8.23406 -0.846752 6.1306
147 13.7114 26.6616 -7.95486
148 -0.439209 -1.02493 -1.3467
149 0.530664 -0.501718 0.275892
150 1.0823 0.537178 0.834156
151 -0.271714 0.755471 0.537747
152 -2.67183 -3.17711 -6.28931
153 0.0860435 -0.923213 -0.964547
154 2.33309 1.99241 -3.99139
155 -0.573569 -0.510978 -0.718384
156 -1.35083 0.675058 0.245807
157 1.27905 0.764688 -1.61631
158 -4.38965 -2.40776 3.29351
159 -0.27735 0.789635 -0.111421
160 0.342884 -1.29242 -1.0104
161 -37.9372 44.0092 -50.3859
162 1.34921 -1.09372 -1.9499
163 1.05214 0.542544 0.312134
164 -1.66953 0.681379 1.1471
165 -1.20015 1.08803 1.79224
166 0.603088 -0.39401 0.396911
167 0.73923 -4.14844 -3.05018
168 -0.431023 -1.10093 -0.0226346
169 0.982059 -0.318691 -0.0159049
170 0.142011 1.25436 0.661571
171 0.806112 1.63187 1.81676
172 2.90314 5.78136 -4.4112
173 0.828186 0.0986626 0.709548
174 0.0806458 -0.916074 -0.57874
175 1.3284 -1.02012 1.76408
176 -0.250513 -0.798819 -0.693709
177 1.11775 3.93156 -5.52025
178 -0.308405 1.69177 1.70406
179 0.116955 1.72331 0.462268
180 0.894175 2.35753 -2.94388
181 0.394656 0.988633 -0.549663
182 -0.116752 1.59235 -0.941941
183 -1.38981 0.0835937 1.74202
184 0.342029 1.00486 0.530149
185 4.17518 -7.56443 -5.56694
186 1.23177 1.70861 -1.18664
187 -2.30935 -2.13 -4.19523
188 0.08616 1.46426 0.0293954
189 0.12004 -1.83888 1.62036
190 21.8981 -1.4782 -13.8123
191 1.21044 -0.374921 -0.220939
192 1.23177 1.70861 -1.18664
193 -1.00646 0.00236648 0.327454
194 0.0558727 3.60162 2.11694
195 -3.19564 -0.422613 -3.70949
196 0.570152 -0.715531 -0.397201
197 2.23147 3.19981 2.91437
198 1.81273 0.607668 1.04213
199 -5.57138 -3.47122 4.55426
200 1.18779 1.60445 -1.02382
201 0.813855 -0.285917 -0.422915
202 1.23177 1.70861 -1.18664
203 0.551752 1.80453 0.588359
204 -0.56577 1.26087 -0.263583
205 -3.79646 -2.7181 3.02346
206 -5.32758 -1.78423 -8.61741
207 1.19752 1.89724 0.849438
208 -0.50543 -2.10163 2.72102
209 -0.714586 -2.04487 -2.03262
210 2.50282 0.563741 -1.33643
211 -0.976586 0.457593 0.358617
212 1.81412 -0.143821 -1.60186
213 -8.8632 -0.0149469 -12.8773
214 1.18779 1.60445 -1.02382
215 9.60474 28.974 -17.6562
216 0.535122 -1.77957 -2.33573
217 -0.623434 -0.885179 0.430925
218 0.814883 -0.556192 0.0524832
219 4.32811 -0.0116582 3.34537
220 0.08616 1.46426 0.0293954
221 -1.14718 -1.46692 1.99132
222 -0.945861 1.7433 1.02205
223 2.11909 6.5326 -3.29699
224 -0.965539 -0.216654 -0.864104
225 3.87565 -5.1293 4.90625
226 0.648012 -0.583138 -0.182099
227 0.556171 -0.998494 0.413244
228 -0.573569 -0.510978 -0.718384
229 -296.332 902.837 -624.712
230 -0.788702 -1.31248 -0.636423
231 0.626963 -0.380999 0.252923
232 19.327 -5.83046 -26.7117
233 8.52887 -2.6554 6.31843
234 0.491712 0.7483 -0.00718782
235 -0.50543 -2.10163 2.72102
236 -1.28395 3.03695 2.08865
237 0.551752 1.80453 0.588359
238 -1.3748 -0.632384 0.366356
239 0.782813 0.0171687 0.860191
240 1.11778 -0.282851 -1.18784
241 2.01892 -1.2497 1.67741
242 -1.59644 -0.0802617 -0.827012
243 6.05473 0.932083 5.82558
244 1.11778 -0.282851 -1.18784
245 -0.663365 -1.13695 0.0238885
246 -0.24134 -1.77181 -1.15753
247 -2.67183 -3.17711 -6.28931
248 1.13855 0.444829 0.363801
249 -1.11367 -0.671813 -1.41128
250 -0.73875 -0.789493 0.27604
251 -60.7849 -73.2653 58.4625
252 -0.820821 -0.200172 0.094146
253 -1.69549 2.39878 3.01054
254 0.0468807 0.954231 -0.376797
255 0.556171 -0.998494 0.413244
256 0.399699 -1.45371 1.8493
257 0.0544007 -1.06901 -0.171564
258 -3.19564 -0.422613 -3.70949
259 -0.800361 0.245678 0.359079
260 1.61749 -0.625312 1.2248
261 -0.875897 -1.34176 0.582881
262 0.928544 -0.729269 0.734909
263 1.19752 1.89724 0.849438
264 218.938 55.3235 -144.054
265 -0.663365 -1.13695 0.0238885
266 -2.26964 -1.18989 2.25364
267 -1.10746 0.868218 -0.572126
268 0.68033 0.015969 0.29178
269 0.0860435 -0.923213 -0.964547
270 -0.597537 1.455 0.565521
271 -1.13664 0.279901 -0.992254
272 -1.77377 -0.953342 -1.73814
273 0.933755 0.322 1.65544
274 0.675387 1.34945 0.0707388
275 -0.540364 -0.433179 -0.686442
276 2.74393 0.0306554 -2.06444
277 -0.597537 1.455 0.565521
278 -0.0104575 -0.804695 0.526937
279 1.30395 0.0802898 -1.37869
280 0.394706 1.35667 -0.921966
281 -0.346677 -0.843863 0.559917
282 0.853578 0.342372 -0.477608
283 0.684773 1.17267 0.744664
284 1.11778 -0.282851 -1.18784
285 -24.4544 2.48464 15.16
286 1.11778 -0.282851 -1.18784
287 -0.826035 -1.21839 0.368324
288 1.43492 0.0837231 -0.522052
289 3.02983 -2.53569 -4.21652
290 -1.86833 0.0541642 0.660874
291 -5.57138 -3.47122 4.55426
292 -0.541359 -1.6953 -1.40135
293 -13.2251 6.9354 18.6714
294 1.89361 2.57971 -3.62672
295 1.90622 -1.11798 1.51307
296 -2.09997 -0.171951 3.34987
297 1.39645 -0.148489 2.08929
298 1.67395 0.698966 0.8991
299 0.72344 0.194436 0.179649
300 1.03035 -0.567756 -1.07924
301 -0.239552 1.68724 1.56932
302 4.32811 -0.0116582 3.34537
303 -5.57138 -3.47122 4.55426
304 1.88601 4.60809 8.59531
305 -0.24134 -1.77181 -1.15753
