Angle Count:31
         0         0         0   1 1
         0         0   -0.4142   1 1
         0   -0.4142         0   1 1
   -0.4142         0         0   1 1
   -0.4142    0.1716   -0.4142   1 1
   -0.4142   -0.4142   -0.1716   1 1
   -0.4142   -0.1716   -0.4142   1 1
   -0.4142   -0.1716    0.4142   1 1
   -0.4142    0.4142    0.1716   1 1
   -0.4142   -0.4142    0.1716   1 1
   -0.4142    0.1716    0.4142   1 1
   -0.4142    0.4142   -0.1716   1 1
   -0.1716   -0.4142   -0.4142   1 1
   -0.1716   -0.4142    0.4142   1 1 
   -0.1716    0.4142   -0.4142   1 1
   -0.1716    0.4142    0.4142   1 1
         0         0    0.4142   1 1
         0    0.4142         0   1 1
    0.1716   -0.4142   -0.4142   1 1
    0.1716   -0.4142    0.4142   1 1
    0.1716    0.4142   -0.4142   1 1
    0.1716    0.4142    0.4142   1 1
    0.4142   -0.4142   -0.1716   1 1
    0.4142   -0.4142    0.1716   1 1
    0.4142   -0.1716   -0.4142   1 1
    0.4142   -0.1716    0.4142   1 1
    0.4142         0         0   1 1
    0.4142    0.1716   -0.4142   1 1
    0.4142    0.1716    0.4142   1 1
    0.4142    0.4142   -0.1716   1 1
    0.4142    0.4142    0.1716   1 1
	