Angle Count:399 
 0.00000   0.00000   0.00000  1  1 
 0.00000   0.00000   0.13810  1  1 
 0.00000   0.13810   0.00000  1  1 
 0.00000   0.00000  -0.13810  1  1 
-0.13810   0.00000   0.00000  1  1 
 0.13810   0.00000   0.00000  1  1 
 0.00000  -0.13810   0.00000  1  1 
-0.05720   0.13810   0.13810  1  1 
 0.05720   0.13810   0.13810  1  1 
-0.13810   0.05720   0.13810  1  1 
 0.13810   0.05720   0.13810  1  1 
-0.13810   0.13810   0.05720  1  1 
-0.13810  -0.05720   0.13810  1  1 
 0.13810   0.13810   0.05720  1  1 
 0.13810  -0.05720   0.13810  1  1 
-0.13810   0.05720  -0.13810  1  1 
-0.05720   0.13810  -0.13810  1  1 
-0.05720  -0.13810   0.13810  1  1 
 0.05720  -0.13810   0.13810  1  1 
-0.13810  -0.05720  -0.13810  1  1 
 0.05720   0.13810  -0.13810  1  1 
-0.05720  -0.13810  -0.13810  1  1 
-0.13810   0.13810  -0.05720  1  1 
-0.13810  -0.13810   0.05720  1  1 
 0.13810   0.05720  -0.13810  1  1 
 0.13810   0.13810  -0.05720  1  1 
 0.13810  -0.13810   0.05720  1  1 
 0.05720  -0.13810  -0.13810  1  1 
 0.13810  -0.05720  -0.13810  1  1 
-0.13810  -0.13810  -0.05720  1  1 
 0.13810  -0.13810  -0.05720  1  1 
 0.00000   0.00000   0.27610  1  1 
 0.00000   0.00000  -0.27610  1  1 
 0.00000   0.27610   0.00000  1  1 
-0.27610   0.00000   0.00000  1  1 
 0.27610   0.00000   0.00000  1  1 
 0.00000  -0.27610   0.00000  1  1 
-0.05720   0.13810   0.27610  1  1 
 0.05720   0.13810   0.27610  1  1 
-0.13810   0.05720   0.27610  1  1 
 0.13810   0.05720   0.27610  1  1 
-0.13810   0.05720  -0.27610  1  1 
-0.05720   0.13810  -0.27610  1  1 
-0.13810  -0.05720   0.27610  1  1 
-0.05720   0.27610   0.13810  1  1 
-0.13810  -0.05720  -0.27610  1  1 
 0.05720   0.27610   0.13810  1  1 
 0.13810  -0.05720   0.27610  1  1 
 0.05720   0.13810  -0.27610  1  1 
-0.05720  -0.13810   0.27610  1  1 
 0.05720  -0.13810   0.27610  1  1 
-0.05720  -0.13810  -0.27610  1  1 
 0.13810   0.05720  -0.27610  1  1 
-0.13810   0.27610   0.05720  1  1 
-0.27610   0.05720   0.13810  1  1 
 0.05720  -0.13810  -0.27610  1  1 
 0.13810   0.27610   0.05720  1  1 
 0.13810  -0.05720  -0.27610  1  1 
-0.27610   0.05720  -0.13810  1  1 
 0.27610   0.05720   0.13810  1  1 
-0.27610   0.13810   0.05720  1  1 
-0.27610  -0.05720   0.13810  1  1 
-0.05720   0.27610  -0.13810  1  1 
-0.27610  -0.05720  -0.13810  1  1 
 0.27610   0.13810   0.05720  1  1 
 0.27610  -0.05720   0.13810  1  1 
 0.05720   0.27610  -0.13810  1  1 
 0.05720  -0.27610   0.13810  1  1 
-0.13810   0.27610  -0.05720  1  1 
 0.13810  -0.27610   0.05720  1  1 
-0.27610   0.13810  -0.05720  1  1 
 0.13810   0.27610  -0.05720  1  1 
-0.05720  -0.27610   0.13810  1  1 
-0.27610  -0.13810   0.05720  1  1 
-0.27610  -0.13810  -0.05720  1  1 
-0.05720  -0.27610  -0.13810  1  1 
 0.27610   0.13810  -0.05720  1  1 
 0.13810  -0.27610  -0.05720  1  1 
 0.27610  -0.13810   0.05720  1  1 
 0.27610  -0.05720  -0.13810  1  1 
 0.27610   0.05720  -0.13810  1  1 
-0.13810  -0.27610   0.05720  1  1 
 0.05720  -0.27610  -0.13810  1  1 
 0.27610  -0.13810  -0.05720  1  1 
-0.13810  -0.27610  -0.05720  1  1 
 0.00000   0.27610   0.27610  1  1 
-0.19530   0.19530   0.27610  1  1 
 0.19530   0.19530   0.27610  1  1 
-0.19530   0.19530  -0.27610  1  1 
-0.19530   0.27610   0.19530  1  1 
-0.27610   0.00000  -0.27610  1  1 
 0.19530   0.27610   0.19530  1  1 
-0.27610   0.19530   0.19530  1  1 
-0.27610   0.00000   0.27610  1  1 
 0.00000   0.27610  -0.27610  1  1 
-0.27610   0.19530  -0.19530  1  1 
 0.27610   0.19530   0.19530  1  1 
 0.27610  -0.00000   0.27610  1  1 
-0.19530   0.27610  -0.19530  1  1 
-0.19530  -0.19530  -0.27610  1  1 
 0.19530  -0.27610   0.19530  1  1 
-0.19530  -0.19530   0.27610  1  1 
 0.19530   0.19530  -0.27610  1  1 
 0.19530  -0.19530   0.27610  1  1 
-0.27610  -0.19530  -0.19530  1  1 
-0.00000  -0.27610   0.27610  1  1 
-0.00000  -0.27610  -0.27610  1  1 
-0.27610   0.27610  -0.00000  1  1 
 0.27610  -0.19530  -0.19530  1  1 
-0.27610  -0.19530   0.19530  1  1 
 0.27610  -0.00000  -0.27610  1  1 
 0.27610  -0.19530   0.19530  1  1 
 0.19530   0.27610  -0.19530  1  1 
-0.19530  -0.27610  -0.19530  1  1 
 0.27610  -0.27610   0.00000  1  1 
 0.19530  -0.19530  -0.27610  1  1 
 0.27610   0.27610   0.00000  1  1 
-0.19530  -0.27610   0.19530  1  1 
 0.27610   0.19530  -0.19530  1  1 
 0.19530  -0.27610  -0.19530  1  1 
-0.27610  -0.27610   0.00000  1  1 
-0.11440   0.27610   0.27610  1  1 
 0.11440   0.27610   0.27610  1  1 
-0.27610   0.11440  -0.27610  1  1 
-0.27610   0.11440   0.27610  1  1 
-0.11440   0.27610  -0.27610  1  1 
 0.27610   0.11440   0.27610  1  1 
-0.27610  -0.11440  -0.27610  1  1 
 0.11440   0.27610  -0.27610  1  1 
-0.27610   0.27610   0.11440  1  1 
-0.27610  -0.11440   0.27610  1  1 
 0.11440  -0.27610   0.27610  1  1 
 0.27610   0.27610   0.11440  1  1 
 0.27610  -0.11440   0.27610  1  1 
 0.27610  -0.27610   0.11440  1  1 
-0.11440  -0.27610  -0.27610  1  1 
-0.27610   0.27610  -0.11440  1  1 
-0.11440  -0.27610   0.27610  1  1 
 0.27610  -0.11440  -0.27610  1  1 
 0.27610   0.11440  -0.27610  1  1 
-0.27610  -0.27610  -0.11440  1  1 
 0.11440  -0.27610  -0.27610  1  1 
 0.27610  -0.27610  -0.11440  1  1 
-0.27610  -0.27610   0.11440  1  1 
 0.27610   0.27610  -0.11440  1  1 
 0.00000   0.00000  -0.41420  1  1 
 0.00000  -0.41420   0.00000  1  1 
-0.41420   0.00000   0.00000  1  1 
-0.13810   0.05720  -0.41420  1  1 
-0.05720   0.13810  -0.41420  1  1 
-0.13810  -0.05720  -0.41420  1  1 
 0.05720   0.13810  -0.41420  1  1 
-0.13810  -0.05720   0.41420  1  1 
 0.13810  -0.05720   0.41420  1  1 
-0.05720  -0.13810   0.41420  1  1 
 0.05720  -0.13810   0.41420  1  1 
-0.05720   0.41420   0.13810  1  1 
 0.05720   0.41420   0.13810  1  1 
-0.13810   0.41420   0.05720  1  1 
 0.13810  -0.41420  -0.05720  1  1 
-0.41420   0.05720  -0.13810  1  1 
-0.41420   0.05720   0.13810  1  1 
-0.41420  -0.05720  -0.13810  1  1 
-0.13810  -0.41420  -0.05720  1  1 
-0.41420   0.13810   0.05720  1  1 
-0.41420  -0.05720   0.13810  1  1 
-0.13810  -0.41420   0.05720  1  1 
-0.05720  -0.41420  -0.13810  1  1 
 0.05720  -0.41420  -0.13810  1  1 
-0.41420   0.13810  -0.05720  1  1 
-0.41420  -0.13810   0.05720  1  1 
-0.41420  -0.13810  -0.05720  1  1 
-0.19530   0.19530  -0.41420  1  1 
-0.27610   0.00000  -0.41420  1  1 
 0.00000   0.27610  -0.41420  1  1 
 0.00000   0.41420   0.27610  1  1 
-0.27610   0.00000   0.41420  1  1 
 0.19530   0.19530  -0.41420  1  1 
-0.19530   0.41420   0.19530  1  1 
-0.41420   0.00000  -0.27610  1  1 
 0.19530   0.41420   0.19530  1  1 
-0.19530  -0.19530   0.41420  1  1 
-0.19530  -0.41420  -0.19530  1  1 
 0.19530  -0.19530   0.41420  1  1 
-0.41420   0.19530  -0.19530  1  1 
-0.41420   0.19530   0.19530  1  1 
-0.41420   0.00000   0.27610  1  1 
 0.00000  -0.27610   0.41420  1  1 
-0.27610  -0.41420   0.00000  1  1 
-0.41420  -0.19530   0.19530  1  1 
-0.41420  -0.19530  -0.19530  1  1 
-0.41420  -0.27610   0.00000  1  1 
-0.27610   0.41420   0.00000  1  1 
 0.19530  -0.41420  -0.19530  1  1 
 0.00000  -0.41420  -0.27610  1  1 
-0.41420   0.27610   0.00000  1  1 
-0.27610   0.11440  -0.41420  1  1 
-0.11440   0.27610  -0.41420  1  1 
-0.27610  -0.11440  -0.41420  1  1 
-0.11440   0.41420   0.27610  1  1 
 0.11440   0.41420   0.27610  1  1 
 0.11440   0.27610  -0.41420  1  1 
-0.41420   0.11440  -0.27610  1  1 
-0.27610  -0.11440   0.41420  1  1 
-0.27610  -0.41420  -0.11440  1  1 
-0.41420   0.11440   0.27610  1  1 
 0.27610  -0.11440   0.41420  1  1 
-0.41420  -0.11440  -0.27610  1  1 
 0.11440  -0.27610   0.41420  1  1 
-0.27610   0.41420   0.11440  1  1 
-0.11440  -0.27610   0.41420  1  1 
-0.41420  -0.11440   0.27610  1  1 
-0.41420  -0.27610  -0.11440  1  1 
-0.11440  -0.41420  -0.27610  1  1 
 0.27610  -0.41420  -0.11440  1  1 
-0.41420   0.27610   0.11440  1  1 
-0.41420   0.27610  -0.11440  1  1 
-0.27610  -0.41420   0.11440  1  1 
-0.41420  -0.27610   0.11440  1  1 
 0.11440  -0.41420  -0.27610  1  1 
-0.33330   0.33330  -0.33330  1  1 
-0.33330   0.33330   0.33330  1  1 
-0.33330  -0.33330  -0.33330  1  1 
-0.33330  -0.33330   0.33330  1  1 
-0.33330   0.25250  -0.41420  1  1 
-0.25250   0.33330  -0.41420  1  1 
-0.41420   0.05720  -0.41420  1  1 
-0.41420  -0.05720  -0.41420  1  1 
-0.33330  -0.41420  -0.25250  1  1 
-0.25250   0.41420   0.33330  1  1 
-0.41420   0.25250  -0.33330  1  1 
-0.25250  -0.41420  -0.33330  1  1 
-0.41420  -0.41420  -0.05720  1  1 
-0.41420  -0.33330  -0.25250  1  1 
-0.41420   0.25250   0.33330  1  1 
-0.41420   0.05720   0.41420  1  1 
-0.33330   0.41420   0.25250  1  1 
-0.41420   0.33330   0.25250  1  1 
-0.41420   0.33330  -0.25250  1  1 
-0.41420  -0.05720   0.41420  1  1 
-0.41420  -0.41420   0.05720  1  1 
-0.41420  -0.25250   0.33330  1  1 
-0.41420  -0.25250  -0.33330  1  1 
-0.41420  -0.33330   0.25250  1  1 
-0.33330  -0.25250   0.41420  1  1 
-0.25250  -0.33330   0.41420  1  1 
-0.41420   0.41420   0.05720  1  1 
-0.41420   0.41420  -0.05720  1  1 
-0.41420   0.17160  -0.41420  1  1 
-0.41420  -0.41420  -0.17160  1  1 
-0.41420  -0.17160  -0.41420  1  1 
-0.41420  -0.17160   0.41420  1  1 
-0.41420   0.41420   0.17160  1  1 
-0.41420  -0.41420   0.17160  1  1 
-0.41420   0.17160   0.41420  1  1 
-0.41420   0.41420  -0.17160  1  1 
-0.33330  -0.41420   0.25250  1  1 
-0.33330  -0.25250  -0.41420  1  1 
-0.33330   0.25250   0.41420  1  1 
-0.33330   0.41420  -0.25250  1  1 
-0.27610   0.11440   0.41420  1  1 
-0.27610   0.41420  -0.11440  1  1 
-0.25250  -0.41420   0.33330  1  1 
-0.25250  -0.33330  -0.41420  1  1 
-0.25250   0.33330   0.41420  1  1 
-0.25250   0.41420  -0.33330  1  1 
-0.19530  -0.41420   0.19530  1  1 
-0.19530  -0.19530  -0.41420  1  1 
-0.19530   0.19530   0.41420  1  1 
-0.19530   0.41420  -0.19530  1  1 
-0.17160  -0.41420  -0.41420  1  1 
-0.17160  -0.41420   0.41420  1  1 
-0.17160   0.41420  -0.41420  1  1 
-0.17160   0.41420   0.41420  1  1 
-0.13810   0.05720   0.41420  1  1 
-0.13810   0.41420  -0.05720  1  1 
-0.11440  -0.41420   0.27610  1  1 
-0.11440  -0.27610  -0.41420  1  1 
-0.11440   0.27610   0.41420  1  1 
-0.11440   0.41420  -0.27610  1  1 
-0.05720  -0.41420  -0.41420  1  1 
-0.05720  -0.41420   0.13810  1  1 
-0.05720  -0.41420   0.41420  1  1 
-0.05720  -0.13810  -0.41420  1  1 
-0.05720   0.13810   0.41420  1  1 
-0.05720   0.41420  -0.41420  1  1 
-0.05720   0.41420  -0.13810  1  1 
-0.05720   0.41420   0.41420  1  1 
 0.00000  -0.41420   0.27610  1  1 
 0.00000  -0.27610  -0.41420  1  1 
 0.00000   0.00000   0.41420  1  1 
 0.00000   0.27610   0.41420  1  1 
 0.00000   0.41420  -0.27610  1  1 
 0.00000   0.41420   0.00000  1  1 
 0.05720  -0.41420  -0.41420  1  1 
 0.05720  -0.41420   0.13810  1  1 
 0.05720  -0.41420   0.41420  1  1 
 0.05720  -0.13810  -0.41420  1  1 
 0.05720   0.13810   0.41420  1  1 
 0.05720   0.41420  -0.41420  1  1 
 0.05720   0.41420  -0.13810  1  1 
 0.05720   0.41420   0.41420  1  1 
 0.11440  -0.41420   0.27610  1  1 
 0.11440  -0.27610  -0.41420  1  1 
 0.11440   0.27610   0.41420  1  1 
 0.11440   0.41420  -0.27610  1  1 
 0.13810  -0.41420   0.05720  1  1 
 0.13810  -0.05720  -0.41420  1  1 
 0.13810   0.05720  -0.41420  1  1 
 0.13810   0.05720   0.41420  1  1 
 0.13810   0.41420  -0.05720  1  1 
 0.13810   0.41420   0.05720  1  1 
 0.17160  -0.41420  -0.41420  1  1 
 0.17160  -0.41420   0.41420  1  1 
 0.17160   0.41420  -0.41420  1  1 
 0.17160   0.41420   0.41420  1  1 
 0.19530  -0.41420   0.19530  1  1 
 0.19530  -0.19530  -0.41420  1  1 
 0.19530   0.19530   0.41420  1  1 
 0.19530   0.41420  -0.19530  1  1 
 0.25250  -0.41420  -0.33330  1  1 
 0.25250  -0.41420   0.33330  1  1 
 0.25250  -0.33330  -0.41420  1  1 
 0.25250  -0.33330   0.41420  1  1 
 0.25250   0.33330  -0.41420  1  1 
 0.25250   0.33330   0.41420  1  1 
 0.25250   0.41420  -0.33330  1  1 
 0.25250   0.41420   0.33330  1  1 
 0.27610  -0.41420   0.00000  1  1 
 0.27610  -0.41420   0.11440  1  1 
 0.27610  -0.11440  -0.41420  1  1 
 0.27610   0.00000  -0.41420  1  1 
 0.27610   0.00000   0.41420  1  1 
 0.27610   0.11440  -0.41420  1  1 
 0.27610   0.11440   0.41420  1  1 
 0.27610   0.41420  -0.11440  1  1 
 0.27610   0.41420   0.00000  1  1 
 0.27610   0.41420   0.11440  1  1 
 0.33330  -0.41420  -0.25250  1  1 
 0.33330  -0.41420   0.25250  1  1 
 0.33330  -0.33330  -0.33330  1  1 
 0.33330  -0.33330   0.33330  1  1 
 0.33330  -0.25250  -0.41420  1  1 
 0.33330  -0.25250   0.41420  1  1 
 0.33330   0.25250  -0.41420  1  1 
 0.33330   0.25250   0.41420  1  1 
 0.33330   0.33330  -0.33330  1  1 
 0.33330   0.33330   0.33330  1  1 
 0.33330   0.41420  -0.25250  1  1 
 0.33330   0.41420   0.25250  1  1 
 0.41420  -0.41420  -0.17160  1  1 
 0.41420  -0.41420  -0.05720  1  1 
 0.41420  -0.41420   0.05720  1  1 
 0.41420  -0.41420   0.17160  1  1 
 0.41420  -0.33330  -0.25250  1  1 
 0.41420  -0.33330   0.25250  1  1 
 0.41420  -0.27610  -0.11440  1  1 
 0.41420  -0.27610   0.00000  1  1 
 0.41420  -0.27610   0.11440  1  1 
 0.41420  -0.25250  -0.33330  1  1 
 0.41420  -0.25250   0.33330  1  1 
 0.41420  -0.19530  -0.19530  1  1 
 0.41420  -0.19530   0.19530  1  1 
 0.41420  -0.17160  -0.41420  1  1 
 0.41420  -0.17160   0.41420  1  1 
 0.41420  -0.13810  -0.05720  1  1 
 0.41420  -0.13810   0.05720  1  1 
 0.41420  -0.11440  -0.27610  1  1 
 0.41420  -0.11440   0.27610  1  1 
 0.41420  -0.05720  -0.41420  1  1 
 0.41420  -0.05720  -0.13810  1  1 
 0.41420  -0.05720   0.13810  1  1 
 0.41420  -0.05720   0.41420  1  1 
 0.41420   0.00000  -0.27610  1  1 
 0.41420   0.00000   0.00000  1  1 
 0.41420   0.00000   0.27610  1  1 
 0.41420   0.05720  -0.41420  1  1 
 0.41420   0.05720  -0.13810  1  1 
 0.41420   0.05720   0.13810  1  1 
 0.41420   0.05720   0.41420  1  1 
 0.41420   0.11440  -0.27610  1  1 
 0.41420   0.11440   0.27610  1  1 
 0.41420   0.13810  -0.05720  1  1 
 0.41420   0.13810   0.05720  1  1 
 0.41420   0.17160  -0.41420  1  1 
 0.41420   0.17160   0.41420  1  1 
 0.41420   0.19530  -0.19530  1  1 
 0.41420   0.19530   0.19530  1  1 
 0.41420   0.25250  -0.33330  1  1 
 0.41420   0.25250   0.33330  1  1 
 0.41420   0.27610  -0.11440  1  1 
 0.41420   0.27610   0.00000  1  1 
 0.41420   0.27610   0.11440  1  1 
 0.41420   0.33330  -0.25250  1  1 
 0.41420   0.33330   0.25250  1  1 
 0.41420   0.41420  -0.17160  1  1 
 0.41420   0.41420  -0.05720  1  1 
 0.41420   0.41420   0.05720  1  1 
 0.41420   0.41420   0.17160  1  1 
