-1.41481e+09 0 0 0
1 -0.736781 -0.203355 -1.68542
2 -0.251267 2.53658 4.58647
3 1.02649 -1.00202 -0.204099
4 0.832975 -0.0579398 -1.04852
5 0.328276 -0.515584 -0.834714
6 32.0882 20.016 15.7376
7 0.592005 0.573647 0.241328
8 -0.102906 0.0907328 -0.813965
9 2.14475 5.20868 -0.373103
10 -34.2873 36.519 -2.42283
11 -2.94249 -17.4371 21.4517
12 1.9003 1.6309 0.215546
13 -1.65349 3.31807 -0.070802
14 0.883504 2.64769 -0.573253
15 -3.18548 -0.706519 -0.240117
16 0.779543 -0.261228 -0.5038
17 0.275574 1.74846 4.06154
18 -1.69728 0.504036 -2.4907
19 0.0443155 -0.206072 -0.00400006
20 0.744338 1.46324 0.376065
21 -9.96711 1.05724 0.0826639
22 0.045904 -1.1625 -3.73648
23 -2.99759 -0.59314 -0.977968
24 -0.827972 -2.71402 3.66878
25 0.285306 -1.39051 0.565211
26 -0.82829 0.289282 2.98439
27 0.651841 -0.922543 -2.3424
28 -0.187949 0.0800323 -0.934477
29 0.403914 0.225069 -0.177219
30 0.317982 -2.47574 2.22658
31 0.340505 -0.0805785 2.44511
32 -1.01753 1.61161 -0.090887
33 -0.237269 4.44655 -2.88825
34 -0.178157 0.207695 -1.36214
35 -0.0453301 2.13271 -0.829672
36 -3.78583 -1.55568 -0.284091
37 1.61528 1.24649 -4.03186
38 217.147 456.307 -81.0081
39 -5.0054 -0.69634 -6.27444
40 0.430425 -0.988001 -0.689932
41 0.864596 2.17697 0.201708
42 -4.59584 -2.05867 -1.08681
43 -0.736781 -0.203355 -1.68542
44 -0.701115 0.234425 -1.50875
45 0.79923 -1.28766 -1.2515
46 0.0202857 -0.550191 -0.963603
47 0.401257 1.29448 3.1503
48 0.729577 -1.68149 0.892034
49 -0.228306 1.77969 0.102415
50 -1.4617 0.544141 2.84839
51 1.82254 1.94241 -2.64107
52 0.292263 0.925285 1.00222
53 -2.54728 0.221256 1.95223
54 1.13517 1.03507 0.969209
55 -13.0512 -11.3036 4.60496
56 -0.579962 0.675502 0.102891
57 0.779543 -0.261228 -0.5038
58 -1.6764 -1.2869 -0.065694
59 -1.1486 0.706394 -2.10962
60 1.36084 -0.630292 2.45815
61 -0.799414 -0.437281 -1.36955
62 1.50432 2.21884 -3.35329
63 -0.751706 -0.246111 -0.305483
64 0.779543 -0.261228 -0.5038
65 -0.998056 0.799693 -0.722011
66 -0.111143 1.19779 1.37633
67 -0.882414 0.0531762 0.457185
68 -1.90859 1.31099 2.86774
69 0.328086 0.3601 0.24924
70 -17.8281 8.73381 20.7338
71 4.20979 5.51963 -0.547909
72 -3.3381 2.57634 9.442
73 -1.71027 0.655104 -1.16376
74 -8.7532 2.16975 0.809993
75 0.983121 1.36729 -0.477687
76 -0.0481255 -0.233468 1.16576
77 -1.26898 0.984411 -2.55978
78 0.369837 0.267027 0.0541688
79 -0.320786 0.642577 0.0626927
80 66.4205 213.067 50.0185
81 -0.357703 0.392601 -0.520488
82 -0.326511 0.021292 2.5438
83 -1.40322 -0.623873 -1.83741
84 2.62967 -1.85891 1.93819
85 -1.06023 1.96503 0.187181
86 -2.40222 -1.35193 -0.994366
87 9.40898 -3.71581 4.96282
88 -0.82829 0.289282 2.98439
89 0.946119 -1.30531 0.0304313
90 0.727731 -0.440407 -0.031293
91 1.20494 -9.44896 -2.7054
92 -0.726511 2.98438 3.70794
93 0.0443155 -0.206072 -0.00400006
94 -0.358228 -0.273332 0.294263
95 0.29681 0.341091 -0.141835
96 0.560418 -0.327496 -0.219492
97 5.22463 -4.32821 -4.24366
98 -4.21228 -0.504788 2.11269
99 4.20979 5.51963 -0.547909
100 -0.699003 1.01735 1.08587
101 0.302561 -0.0594853 0.162843
102 0.26714 0.0210086 0.128036
103 1.41945 2.88811 -1.37831
104 -1.74841 0.892604 0.612329
105 -0.82829 0.289282 2.98439
106 1.21895 -1.10558 -1.4993
107 -1.18994 0.0828214 -3.44934
108 -2.90607 -0.805295 -0.0835313
109 1.29185 2.63066 -0.83407
110 -0.438012 0.585938 -0.0634617
111 -1.68192 4.04735 -5.69909
112 -3.35965 1.13509 -0.0722164
113 -3.13248 -4.37587 4.90775
114 -0.768404 -0.561162 -0.0436522
115 0.41547 0.907716 0.408301
116 1.09952 -0.436037 0.385867
117 3.47585 1.2388 3.05379
118 1.59701 2.08627 -4.01396
119 0.6334 -0.576046 1.70967
120 -0.720682 0.130985 -0.425275
121 0.864002 0.912977 0.613165
122 0.779543 -0.261228 -0.5038
123 -5.07592 2.29298 -3.67777
124 -1.25486 -3.2778 -1.92455
125 -0.12397 0.162382 -1.25409
126 1.82254 1.94241 -2.64107
127 -0.182511 -0.316869 0.318627
128 -2.23804 2.80008 0.577501
129 -0.337378 -2.56341 -1.06269
130 -64.9733 -45.5859 45.4129
131 -0.797402 -3.14751 0.635461
132 1.00953 -0.356861 0.983882
133 -0.734188 0.00375547 -1.88749
134 -18.0146 -10.0351 0.161097
135 9.78449 6.16704 5.83325
136 0.130796 0.559688 -0.609452
137 1.93324 -2.38727 0.996249
138 1.93324 -2.38727 0.996249
139 -0.975551 0.865456 1.59426
140 0.80887 -0.0830986 0.223915
141 4.91111 -4.88099 2.73486
142 1.41066 -0.466013 1.1219
143 -6.23538 -1.12342 -4.50984
144 -1.11037 -0.985622 0.147283
145 1.1513 10.2164 -10.9621
146 -0.0465336 1.14299 0.63702
147 5.3278 4.04244 2.12323
148 -1.01073 0.263005 0.397289
149 -0.436353 -0.324098 -0.301187
150 2.18149 1.64506 4.13625
151 0.488754 1.25516 1.48389
152 0.747641 -1.68762 4.17698
153 0.558779 -1.32853 0.967954
154 -0.123956 -0.494808 0.423646
155 0.206516 0.179701 0.168597
156 -0.876556 0.440464 0.948512
157 -47.2752 -15.3952 4.75692
158 1.81536 0.030476 0.214785
159 1.36855 1.10833 -1.43361
160 -0.819154 -1.05115 0.00475807
161 -1.45298 0.728465 -1.91868
162 12.4003 6.4959 -5.6656
163 -2.20118 -0.881305 0.130625
164 -1.35594 3.20151 -2.36674
165 0.45197 -1.01375 1.96555
166 2.29481 1.0582 -0.70132
167 -0.38744 0.91008 -1.14801
168 -0.276527 -0.497729 0.227002
169 2.10584 -0.252826 1.65971
170 -1.34784 -0.291478 0.238187
171 0.705306 -0.970654 -0.454
172 -2.22018 -8.51582 -7.00645
173 0.042027 -0.0133006 1.08227
174 -13.0512 -11.3036 4.60496
175 0.41547 0.907716 0.408301
176 -1.09735 0.688503 0.137552
177 2.26982 -1.0333 0.934067
178 -4.15864 35.9001 -10.5201
179 0.693238 -0.100544 -0.54904
180 -2.15579 -0.29277 1.03335
181 0.554907 -2.33154 -2.36659
182 -0.82829 0.289282 2.98439
183 0.147536 0.100191 -0.410047
184 0.564732 4.99203 -1.87951
185 -1.60056 5.2141 15.5132
186 1.93324 -2.38727 0.996249
187 0.647636 -1.72063 -4.15738
188 -0.72222 -0.927138 -0.125731
189 -0.756256 -0.0281251 -1.21828
190 0.688005 18.0415 1.19485
191 -1.07417 -1.07185 -0.469158
192 -1.69867 0.707983 -1.5837
193 0.00237083 -0.793338 0.943773
194 8.10748 0.589469 -11.0105
195 -4.91117 -0.796842 3.53474
196 1.28348 0.469767 0.728427
197 1.76789 1.71478 -1.03192
198 -1.15846 3.39476 0.997128
199 0.629001 -0.32099 -0.0121364
200 -0.24662 -0.410591 -0.297905
201 -0.178526 0.489711 0.504073
202 -34.8372 5.71083 -2.40267
203 1.36597 -0.623572 -1.69197
204 -0.220049 1.83255 0.268131
205 -3.55763 0.199154 0.177603
206 6.41385 4.35802 0.909456
207 0.221704 0.252308 -0.422856
208 -0.964087 2.25249 4.1243
209 -0.609728 3.5933 14.2299
210 -0.339278 0.00848633 3.76313
211 -1.65349 3.31807 -0.070802
212 -0.985527 -0.871265 -0.970784
213 -1.11109 1.18932 -0.477542
214 1.09159 -0.752713 0.939229
215 0.056441 0.61485 1.17186
216 0.763075 -13.7703 8.89979
217 -0.836882 -0.152643 0.573894
218 1.82254 1.94241 -2.64107
219 -1.35572 -0.829921 0.552221
220 4.20979 5.51963 -0.547909
221 -6.98988 6.92359 -4.15946
222 -4.83568 -5.94985 -0.59896
223 9.52466 -7.37517 7.09352
224 -0.727199 1.38068 -0.81389
225 5.3278 4.04244 2.12323
226 -0.763806 0.319122 0.178462
227 -0.342334 11.5227 -2.33838
228 -0.491394 0.0810883 1.19982
229 -1.71027 0.655104 -1.16376
230 0.815619 -2.46494 0.636365
231 -0.318468 -0.993303 -0.706456
232 31.941 -82.5466 -18.3124
233 -1.07417 -1.07185 -0.469158
234 0.375263 -0.992416 0.222898
235 0.0023428 0.954915 -0.115178
236 -0.123142 24.4855 -5.47718
237 0.111971 -0.223972 -1.43576
238 -0.268466 -0.524317 -0.387675
239 0.190284 -0.0572441 0.427094
240 1.93324 -2.38727 0.996249
241 1.33255 0.167256 -0.429845
242 1.28348 0.469767 0.728427
243 1.92941 -2.23102 4.5991
244 1.20632 -0.756591 1.87919
245 0.304775 -0.566195 0.828251
246 -0.905022 0.27126 1.60231
247 -0.0538423 -1.24997 -1.10129
248 -0.0800806 -1.66537 1.49054
249 -0.0746353 -1.99706 -1.63791
250 0.514415 -0.41772 0.678269
251 -2.87204 -1.8981 -11.456
252 -0.170816 -0.371172 0.405981
253 -0.82829 0.289282 2.98439
254 -0.134411 0.943193 -0.217771
255 -0.751706 -0.246111 -0.305483
256 -0.72222 -0.927138 -0.125731
257 0.230518 -1.17107 -1.51722
258 0.481246 1.05956 -1.14904
259 -3.05435 -9.09472 -6.00595
260 0.416774 0.718188 0.512238
261 -2.25603 2.99784 1.79056
262 0.286853 -0.909424 0.327626
263 -1.48576 -0.407953 0.794205
264 -0.174887 0.476215 -0.585952
265 -1.49889 -2.27369 -1.34378
266 0.024978 0.884248 -1.27095
267 -1.9104 2.2112 1.16255
268 0.262957 0.990045 -0.870747
269 2.52857 0.273166 0.271299
270 -0.147569 -0.471648 -1.2167
271 0.749046 0.773383 1.29724
272 1.88555 -2.31663 -3.54311
273 5.09083 -4.3336 0.244735
274 8.81274 -8.08667 8.52288
275 -1.87468 -0.110064 0.920652
276 1.11921 1.23472 -0.783795
277 -1.12465 0.261137 2.27951
278 -0.0289207 -0.960289 -1.12795
279 0.479708 1.64165 0.235739
280 9.64633 5.61654 -39.3082
281 31.941 -82.5466 -18.3124
282 1.48054 -0.144719 0.5767
283 1.33255 0.167256 -0.429845
284 0.177466 0.053078 0.273269
285 5.60298 1.70262 0.121477
286 -0.639364 0.0372063 0.121939
287 1.89036 -0.510516 0.139255
288 3.50829 1.46196 -0.604873
289 -1.08021 3.41974 -1.69603
290 -6.08428 -24.4841 -12.2606
291 1.6813 0.822666 -0.0213418
292 4.13404 3.89295 -0.538551
293 7.56027 -0.199768 -3.30294
294 47.29 10.7631 22.3759
295 -2.22018 -8.51582 -7.00645
296 5.70205 -3.20738 8.63127
297 -0.723816 0.468891 1.49202
298 0.405713 -1.85692 2.20151
299 -0.317634 -0.146236 -0.513297
