**Total header lines = 5
**Grain ID File
**3D Volume has dimensions [32 x32 x 32] voxels
**Data arranged in a 2D array of 1024 x 32 integer values
**
14 14 14 27 27 84 84 84 84 20 20 20 20 20 20 20 20 20 30 30 30 66 29 29 29 24 24 24 14 14 14 14
14 14 14 14 27 84 84 84 20 20 20 20 20 20 20 20 20 30 30 30 30 66 66 29 24 24 24 77 77 77 77 14
77 77 77 77 77 84 84 84 20 20 20 20 20 20 20 20 30 30 30 30 30 66 66 24 24 24 77 77 77 77 77 77
77 77 77 77 77 5 5 5 20 20 20 20 20 50 50 30 30 30 30 30 30 30 66 66 77 77 77 77 77 77 77 77
77 77 77 77 77 5 5 5 50 50 50 50 50 50 50 50 50 50 30 30 86 86 73 73 73 63 63 63 63 77 77 77
63 63 63 77 99 37 37 37 37 50 50 50 50 50 50 50 50 50 86 86 86 86 73 73 73 89 63 63 63 63 63 63
63 63 63 99 99 37 37 37 37 50 50 50 50 50 50 50 50 50 86 86 86 86 73 73 73 89 89 63 63 63 63 63
63 63 63 99 99 99 37 37 37 37 50 50 50 50 50 50 50 86 86 86 86 86 86 73 73 89 89 89 63 63 63 63
63 63 99 99 99 99 37 37 37 37 50 50 50 50 50 50 86 86 86 86 86 86 86 73 73 89 89 89 89 63 63 63
63 63 32 32 32 32 37 37 37 37 37 50 50 50 50 86 86 86 86 86 86 7 7 73 73 89 89 89 89 89 63 63
31 32 32 32 32 32 32 32 37 37 37 68 68 68 86 86 86 86 86 7 7 7 7 73 73 89 89 89 89 89 31 31
31 32 32 32 32 32 32 32 32 32 68 68 68 68 68 86 86 7 7 7 7 7 7 7 73 89 89 89 89 31 31 31
31 32 32 32 32 32 32 32 32 68 68 68 68 68 68 68 7 7 7 7 7 7 7 7 73 89 89 89 31 31 31 31
31 32 32 32 32 32 32 32 32 68 68 68 68 68 68 68 7 7 7 7 7 7 7 7 7 89 89 31 31 31 31 31
31 97 32 32 32 32 32 32 68 68 68 68 68 68 68 68 7 7 7 7 7 7 7 7 90 90 90 31 31 31 31 31
97 97 97 32 32 32 32 32 68 68 68 68 68 68 68 68 52 52 7 7 7 7 7 90 90 90 90 90 31 31 31 97
97 97 97 97 32 32 32 32 68 68 68 68 68 68 68 52 52 52 52 52 7 7 90 90 90 90 90 90 31 97 97 97
97 97 97 97 97 79 79 79 68 68 68 68 68 68 52 52 52 52 52 52 52 90 90 90 90 90 90 90 90 97 97 97
97 97 97 97 97 79 79 79 79 79 68 68 68 68 52 52 52 52 52 52 52 90 90 90 90 90 90 90 90 97 97 97
97 97 97 97 79 79 79 79 79 79 79 68 68 52 52 52 52 52 52 52 52 90 90 90 90 90 90 90 69 69 97 97
97 97 97 97 79 79 79 79 79 79 79 79 52 52 52 52 52 52 52 52 52 90 90 90 90 90 72 69 69 69 69 69
69 69 97 79 79 79 79 79 79 79 79 79 79 52 52 52 52 52 52 52 52 72 72 72 72 72 72 69 69 69 69 69
69 69 69 79 79 79 79 79 79 79 79 79 44 44 52 52 52 52 52 52 52 72 72 72 72 72 72 69 69 69 69 69
69 69 69 79 79 79 79 79 79 79 79 44 44 44 44 44 52 52 52 52 72 72 72 72 72 72 69 69 69 69 69 69
69 69 27 27 79 79 79 79 79 44 44 44 44 44 44 44 44 52 52 52 72 72 72 72 29 29 29 69 69 69 69 69
27 27 27 27 27 84 84 84 44 44 44 44 44 44 44 44 44 44 42 42 72 29 29 29 29 29 29 29 69 69 69 69
27 27 27 27 27 84 84 84 84 44 44 44 44 44 44 44 44 44 42 42 29 29 29 29 29 29 29 29 29 29 27 27
27 27 27 27 27 84 84 84 84 84 44 44 44 44 44 44 44 42 42 42 42 29 29 29 29 29 29 29 29 29 27 27
27 27 27 27 27 84 84 84 84 84 44 44 44 44 44 10 10 10 42 42 42 29 29 29 29 29 29 29 29 24 27 27
27 27 27 27 27 84 84 84 84 84 84 44 20 10 10 10 10 10 42 42 42 29 29 29 29 29 29 29 24 24 14 27
27 27 27 27 27 84 84 84 84 84 20 20 20 20 20 20 20 20 10 42 42 29 29 29 29 29 29 24 24 14 14 14
14 27 27 27 27 84 84 84 84 84 20 20 20 20 20 20 20 20 20 30 42 29 29 29 29 29 24 24 24 14 14 14
14 14 14 27 27 84 84 84 84 20 20 20 20 20 20 20 30 30 30 30 66 66 66 66 55 55 55 14 14 14 14 14
14 14 14 14 27 84 84 84 20 20 20 20 20 20 20 30 30 30 30 30 30 66 66 66 55 55 77 77 77 77 77 14
77 77 77 77 77 5 5 5 5 20 20 20 20 20 30 30 30 30 30 30 30 66 66 66 55 55 77 77 77 77 77 77
77 77 77 77 5 5 5 5 5 20 20 20 20 30 30 30 30 30 30 30 30 66 66 66 55 77 77 77 77 77 77 77
77 77 77 77 5 5 5 5 5 5 50 50 50 30 30 30 30 30 30 30 30 73 73 73 73 77 77 77 77 77 77 77
77 77 77 99 99 37 37 37 37 37 50 50 50 50 50 50 30 30 30 86 86 73 73 73 73 73 73 77 77 77 77 77
77 77 77 99 99 99 37 37 37 37 50 50 50 50 50 50 50 50 86 86 86 73 73 73 73 73 73 73 63 63 63 63
63 63 99 99 99 99 37 37 37 37 37 50 50 50 50 50 50 86 86 86 86 86 73 73 73 73 73 73 73 63 63 63
63 99 99 99 99 99 37 37 37 37 37 37 50 50 50 50 86 86 86 86 86 86 73 73 73 73 73 73 73 63 63 63
19 99 99 99 99 99 37 37 37 37 37 37 50 50 50 86 86 86 86 86 86 7 73 73 73 73 73 73 73 73 19 19
19 32 99 99 99 99 99 37 37 37 37 68 68 68 68 86 86 86 86 7 7 7 73 73 73 73 73 73 73 73 19 19
19 32 32 32 32 32 32 32 37 37 68 68 68 68 68 68 86 7 7 7 7 7 7 73 73 73 73 73 73 73 19 19
31 32 32 32 32 32 32 32 32 68 68 68 68 68 68 68 7 7 7 7 7 7 7 73 73 73 73 73 73 31 31 31
97 32 32 32 32 32 32 32 68 68 68 68 68 68 68 68 7 7 7 7 7 7 7 7 73 73 73 73 73 31 31 31
97 97 97 32 32 32 32 32 68 68 68 68 68 68 68 68 68 7 7 7 7 7 7 7 90 73 73 73 31 31 31 97
97 97 97 97 32 32 32 32 68 68 68 68 68 68 68 68 52 52 7 7 7 7 7 90 90 90 90 90 31 97 97 97
97 97 97 97 97 97 32 68 68 68 68 68 68 68 68 68 52 52 52 52 7 7 90 90 90 90 90 90 97 97 97 97
97 97 97 97 97 97 79 79 68 68 68 68 68 68 68 52 52 52 52 52 52 90 90 90 90 90 90 90 97 97 97 97
97 97 97 97 97 79 79 79 79 68 68 68 68 68 52 52 52 52 52 52 52 90 90 90 90 90 90 90 97 97 97 97
97 97 97 97 97 79 79 79 79 79 79 68 68 68 52 52 52 52 52 52 52 90 90 90 90 90 90 90 97 97 97 97
97 97 97 97 79 79 79 79 79 79 79 79 68 52 52 52 52 52 52 52 52 90 90 90 90 90 90 69 69 97 97 97
97 97 97 97 79 79 79 79 79 79 79 79 79 52 52 52 52 52 52 52 52 52 72 72 72 72 72 69 69 69 69 69
69 69 97 79 79 79 79 79 79 79 79 44 44 44 44 52 52 52 52 52 52 72 72 72 72 72 69 69 69 69 69 69
69 69 69 79 79 79 79 79 79 79 44 44 44 44 44 44 35 52 52 52 52 72 72 72 72 72 69 69 69 69 69 69
69 27 27 27 27 79 79 79 44 44 44 44 44 44 44 44 44 44 35 52 38 38 38 29 29 29 29 69 69 69 69 69
27 27 27 27 27 27 84 44 44 44 44 44 44 44 44 44 44 44 44 17 38 38 38 29 29 29 29 29 69 69 69 27
27 27 27 27 27 27 84 84 44 44 44 44 44 44 44 44 44 44 44 38 38 38 29 29 29 29 29 29 29 27 27 27
27 27 27 27 27 27 84 84 44 44 44 44 44 44 44 44 44 44 10 42 38 29 29 29 29 29 29 29 29 29 27 27
27 27 27 27 27 27 84 84 84 44 44 44 44 44 44 10 10 10 10 10 66 66 29 29 29 29 29 29 29 14 27 27
27 27 27 27 27 84 84 84 84 84 44 44 10 10 10 10 10 10 10 10 66 66 66 29 29 29 29 29 14 14 14 14
14 27 27 27 27 84 84 84 84 84 20 10 10 10 10 10 10 10 10 30 66 66 66 66 29 29 29 24 14 14 14 14
14 14 27 27 27 84 84 84 84 20 20 20 20 20 20 20 10 10 30 30 66 66 66 66 55 55 24 14 14 14 14 14
14 14 14 14 27 27 84 84 20 20 20 20 20 20 10 30 30 30 30 30 66 66 66 66 55 55 55 55 14 14 14 14
14 14 14 14 14 5 5 5 5 20 20 20 20 20 30 30 30 30 30 30 30 66 66 66 55 55 55 77 77 77 77 77
77 77 77 77 5 5 5 5 5 20 20 20 20 30 30 30 30 30 30 30 30 66 66 66 55 55 77 77 77 77 77 77
77 77 77 77 5 5 5 5 5 5 20 20 30 30 30 30 30 30 30 30 30 66 66 66 55 77 77 77 77 77 77 77
77 77 77 77 5 5 5 5 5 5 5 30 30 30 30 30 30 30 30 30 30 73 73 73 73 73 77 77 77 77 77 77
77 77 77 99 99 5 5 5 5 5 5 50 30 30 30 30 30 30 30 30 30 73 73 73 73 73 73 77 77 77 77 77
77 77 99 99 99 99 37 37 37 37 37 50 50 50 50 30 30 30 30 86 73 73 73 73 73 73 73 73 73 77 77 77
77 99 99 99 99 99 37 37 37 37 37 37 50 50 50 50 50 86 86 86 86 73 73 73 73 73 73 73 73 73 77 77
19 99 99 99 99 99 37 37 37 37 37 37 37 50 50 50 86 86 86 86 86 73 73 73 73 73 73 73 73 73 19 19
19 99 99 99 99 99 99 37 37 37 37 37 37 83 83 83 86 86 86 86 7 73 73 73 73 73 73 73 73 73 19 19
19 19 99 99 99 99 99 37 37 37 37 37 68 68 83 83 86 86 7 7 7 73 73 73 73 73 73 73 73 19 19 19
19 19 99 99 99 99 99 37 37 37 37 68 68 68 68 68 7 7 7 7 7 7 73 73 73 73 73 73 73 19 19 19
19 65 65 32 99 99 99 99 37 68 68 68 68 68 68 68 7 7 7 7 7 7 73 73 73 73 73 73 73 19 19 19
97 97 65 32 32 32 32 32 68 68 68 68 68 68 68 68 68 7 7 7 7 7 7 73 73 73 73 73 73 19 19 19
97 97 97 97 32 32 32 32 68 68 68 68 68 68 68 68 68 7 7 7 7 7 7 73 73 73 73 73 19 19 97 97
97 97 97 97 97 32 32 68 68 68 68 68 68 68 68 68 68 52 7 7 7 7 7 90 73 73 73 73 97 97 97 97
97 97 97 97 97 97 97 68 68 68 68 68 68 68 68 68 52 52 52 52 7 7 90 90 90 90 90 97 97 97 97 97
97 97 97 97 97 97 97 68 68 68 68 68 68 68 68 68 52 52 52 52 52 90 90 90 90 90 90 97 97 97 97 97
97 97 97 97 97 97 79 79 79 68 68 68 68 68 68 52 52 52 52 52 52 90 90 90 90 90 90 97 97 97 97 97
97 97 97 97 97 97 79 79 79 79 68 68 68 68 52 52 52 52 52 52 52 52 90 90 90 90 90 97 97 97 97 97
97 97 97 97 97 79 79 79 79 79 79 79 35 35 35 35 52 52 52 52 52 52 90 90 6 6 6 97 97 97 97 97
97 97 97 97 97 79 79 79 79 79 79 79 35 35 35 35 35 35 52 52 52 6 6 6 6 6 6 69 69 97 97 97
97 97 97 97 79 79 79 79 79 79 44 44 44 35 35 35 35 35 35 35 52 6 6 6 6 6 6 69 69 69 69 97
69 97 97 27 79 79 79 79 79 44 44 44 44 44 44 35 35 35 35 35 38 38 38 38 6 6 6 69 69 69 69 69
27 27 27 27 27 79 79 44 44 44 44 44 44 44 44 44 44 35 35 17 38 38 38 38 38 38 38 69 69 69 69 69
27 27 27 27 27 27 44 44 44 44 44 44 44 44 44 44 44 44 17 17 38 38 38 38 38 38 38 29 29 69 27 27
27 27 27 27 27 27 84 44 44 44 44 44 44 44 44 44 44 44 17 17 38 38 38 38 38 38 29 29 29 27 27 27
27 27 27 27 27 27 84 44 44 44 44 44 44 44 44 44 44 44 10 38 38 38 38 38 38 55 29 29 29 14 27 27
27 27 27 27 27 27 84 84 44 44 44 44 44 44 44 10 10 10 10 10 66 66 66 66 66 55 55 55 14 14 14 27
27 27 27 27 27 27 84 84 44 44 44 44 10 10 10 10 10 10 10 10 66 66 66 66 55 55 55 55 14 14 14 14
14 27 27 27 27 27 84 84 84 10 10 10 10 10 10 10 10 10 10 30 66 66 66 66 55 55 55 55 14 14 14 14
14 14 14 27 27 27 84 84 84 10 10 10 10 10 10 10 10 30 30 30 66 66 66 66 55 55 55 55 14 14 14 14
14 14 14 14 27 5 5 5 5 10 10 10 10 10 10 30 30 30 30 30 66 66 66 66 66 55 55 55 14 14 14 14
14 14 14 14 5 5 5 5 5 20 20 20 10 30 30 30 30 30 30 30 66 66 66 66 66 55 55 55 77 77 77 77
77 77 77 77 5 5 5 5 5 5 20 20 30 30 30 30 30 30 30 30 30 66 66 66 66 55 55 77 77 77 77 77
77 77 77 77 5 5 5 5 5 5 5 30 30 30 30 30 30 30 30 30 30 66 66 66 66 55 77 77 77 77 77 77
77 77 77 77 5 5 5 5 5 5 5 30 30 30 30 30 30 30 30 30 30 66 73 73 73 73 77 77 77 77 77 77
77 77 77 99 5 5 5 5 5 5 5 8 30 30 30 30 30 30 30 30 73 73 73 73 73 73 73 77 77 77 77 77
77 77 99 99 99 99 37 37 37 37 37 37 8 30 30 30 30 30 30 30 73 73 73 73 73 73 73 73 73 77 77 77
77 99 99 99 99 99 37 37 37 37 37 37 37 8 30 30 30 30 92 92 73 73 73 73 73 73 73 73 73 73 19 19
19 99 99 99 99 99 99 37 37 37 37 37 37 83 83 83 83 92 92 92 73 73 73 73 73 73 73 73 73 73 19 19
19 19 99 99 99 99 99 37 37 37 37 37 83 83 83 83 83 92 92 92 73 73 73 73 73 73 73 73 73 19 19 19
19 19 99 99 99 99 99 37 37 37 37 37 83 83 83 83 83 92 92 92 92 73 73 73 73 73 73 73 73 19 19 19
19 65 65 99 99 99 99 99 37 37 37 68 68 83 83 83 92 92 92 92 92 73 73 73 73 73 73 73 73 19 19 19
19 65 65 65 99 99 99 99 37 37 68 68 68 68 68 83 92 92 92 92 92 73 73 73 73 73 73 73 19 19 19 19
65 65 65 65 65 99 99 99 68 68 68 68 68 68 68 68 92 92 92 92 7 7 73 73 73 73 73 73 19 19 19 19
97 97 97 97 97 32 32 68 68 68 68 68 68 68 68 68 68 92 92 92 7 7 73 73 73 73 73 73 19 19 19 97
97 97 97 97 97 97 97 68 68 68 68 68 68 68 68 68 68 92 92 7 7 7 7 73 73 73 73 19 19 97 97 97
97 97 97 97 97 97 97 68 68 68 68 68 68 68 68 68 68 52 52 52 7 7 7 90 73 73 73 97 97 97 97 97
97 97 97 97 97 97 97 68 68 68 68 68 68 68 68 68 52 52 52 52 52 7 90 90 90 90 97 97 97 97 97 97
97 97 97 97 97 97 97 79 68 68 68 68 68 68 35 35 35 52 52 52 52 52 90 6 6 6 6 97 97 97 97 97
97 97 97 97 97 97 97 79 79 79 68 68 35 35 35 35 35 35 35 52 52 6 6 6 6 6 6 97 97 97 97 97
97 97 97 97 97 97 79 79 79 79 35 35 35 35 35 35 35 35 35 35 35 6 6 6 6 6 6 6 97 97 97 97
97 97 97 97 97 97 79 79 79 79 35 35 35 35 35 35 35 35 35 35 35 6 6 6 6 6 6 6 97 97 97 97
97 97 97 97 97 79 79 79 79 44 44 44 35 35 35 35 35 35 35 35 6 6 6 6 6 6 6 6 6 97 97 97
97 97 97 97 97 79 79 44 44 44 44 44 44 44 35 35 35 35 35 35 38 38 6 6 6 6 6 6 6 69 69 97
27 27 27 27 27 27 44 44 44 44 44 44 44 44 44 35 35 35 35 17 38 38 38 38 38 38 38 38 38 69 27 27
27 27 27 27 27 27 44 44 44 44 44 44 44 44 44 44 44 17 17 17 38 38 38 38 38 38 38 38 38 27 27 27
27 27 27 27 27 27 44 44 44 44 44 44 44 44 44 44 44 17 17 17 38 38 38 38 38 38 38 38 55 27 27 27
27 27 27 27 27 27 44 44 44 44 44 44 44 44 44 44 44 44 17 17 38 38 38 38 38 38 55 55 55 14 27 27
27 27 27 27 27 27 84 44 44 44 44 44 44 44 44 10 10 10 10 38 66 66 66 66 66 55 55 55 55 14 14 14
14 27 27 27 27 27 84 44 44 44 44 44 10 10 10 10 10 10 10 66 66 66 66 66 66 55 55 55 55 14 14 14
14 14 27 27 27 27 84 84 44 10 10 10 10 10 10 10 10 10 30 66 66 66 66 66 66 55 55 55 55 14 14 14
14 14 14 27 27 27 84 84 10 10 10 10 10 10 10 10 30 30 30 30 66 66 66 66 66 55 55 55 14 14 14 14
14 14 14 14 5 5 5 5 5 10 10 10 10 10 30 30 30 30 30 30 66 66 66 66 66 55 55 55 55 14 14 14
77 14 14 14 5 5 5 5 5 5 10 10 30 30 30 30 30 30 30 30 66 66 66 66 66 55 55 55 55 77 77 77
77 77 77 77 5 5 5 5 5 5 5 8 30 30 30 30 30 30 30 30 66 66 66 66 66 55 55 55 77 77 77 77
77 77 77 5 5 5 5 5 5 5 5 8 8 8 30 30 30 30 30 30 30 66 66 66 66 55 55 77 77 77 77 77
77 77 77 5 5 5 5 5 5 5 5 8 8 8 8 30 30 30 30 30 30 66 66 66 73 73 77 77 77 77 77 77
77 77 77 5 5 5 5 5 5 5 5 8 8 8 8 8 30 30 30 30 73 73 73 73 73 73 73 73 77 77 77 77
77 77 99 99 99 99 37 37 37 37 5 5 8 8 8 8 8 30 30 49 73 73 73 73 73 73 73 73 73 77 77 77
19 99 99 99 99 99 99 37 37 37 37 37 83 83 83 83 83 92 92 92 73 73 73 73 73 73 73 73 73 73 19 19
19 19 99 99 99 99 99 37 37 37 37 37 83 83 83 83 83 92 92 92 92 73 73 73 73 73 73 73 73 19 19 19
19 19 99 99 99 99 99 37 37 37 37 37 83 83 83 83 83 92 92 92 92 73 73 73 73 73 73 73 73 19 19 19
19 19 99 99 99 99 99 99 37 37 37 83 83 83 83 83 83 92 92 92 92 73 73 73 73 73 73 73 73 19 19 19
19 65 65 99 99 99 99 99 37 37 37 83 83 83 83 83 92 92 92 92 92 73 73 73 73 73 73 73 19 19 19 19
19 65 65 65 99 99 99 99 37 37 68 83 83 83 83 83 92 92 92 92 92 92 73 73 73 73 73 73 19 19 19 19
65 65 65 65 65 99 99 99 99 68 68 68 68 68 83 83 92 92 92 92 92 92 73 73 73 73 73 73 19 19 19 19
65 65 65 65 65 65 99 99 68 68 68 68 68 68 68 68 92 92 92 92 92 92 73 73 73 73 73 19 19 19 19 19
97 97 97 97 97 46 46 68 68 68 68 68 68 68 68 68 92 92 92 92 92 92 92 73 73 73 73 19 19 19 97 97
97 97 97 97 97 97 46 46 68 68 68 68 68 68 68 68 68 92 92 92 92 92 92 73 73 73 73 19 97 97 97 97
97 97 97 97 97 97 97 4 68 68 68 68 68 68 68 35 35 35 35 92 92 92 6 6 6 6 6 97 97 97 97 97
97 97 97 97 97 97 4 4 4 68 68 68 35 35 35 35 35 35 35 35 35 6 6 6 6 6 6 97 97 97 97 97
97 97 97 97 97 97 4 4 4 4 35 35 35 35 35 35 35 35 35 35 35 6 6 6 6 6 6 6 97 97 97 97
97 97 97 97 97 4 4 4 4 4 35 35 35 35 35 35 35 35 35 35 35 6 6 6 6 6 6 6 97 97 97 97
97 97 97 97 97 4 4 4 4 4 35 35 35 35 35 35 35 35 35 35 6 6 6 6 6 6 6 6 6 97 97 97
97 97 97 97 4 4 4 4 4 44 44 35 35 35 35 35 35 35 35 35 6 6 6 6 6 6 6 6 6 97 97 97
97 97 97 97 4 4 4 4 44 44 44 44 35 35 35 35 35 35 35 17 17 6 6 6 6 6 6 6 6 6 97 97
27 27 27 27 4 4 44 44 44 44 44 44 44 44 35 35 35 35 17 17 38 38 38 38 38 38 38 6 6 6 27 27
27 27 27 27 27 27 44 44 44 44 44 44 44 44 44 44 35 17 17 17 38 38 38 38 38 38 38 38 38 38 27 27
27 27 27 27 27 27 44 44 44 44 44 44 44 44 44 44 17 17 17 17 38 38 38 38 38 38 38 38 38 55 27 27
27 27 27 27 27 27 44 44 44 44 44 44 44 44 44 44 44 17 17 17 38 38 38 38 38 38 38 55 55 55 14 27
27 27 27 27 27 27 44 44 44 44 44 44 44 44 44 10 10 17 17 17 38 38 38 66 66 55 55 55 55 55 14 14
14 27 27 27 27 27 44 44 44 44 44 44 10 10 10 10 10 10 10 66 66 66 66 66 66 55 55 55 55 55 14 14
14 14 14 27 27 27 27 44 44 10 10 10 10 10 10 10 10 10 30 66 66 66 66 66 66 55 55 55 55 14 14 14
14 14 14 14 27 5 5 5 10 10 10 10 10 10 10 10 30 30 30 66 66 66 66 66 66 55 55 55 55 14 14 14
14 14 14 14 5 5 5 5 5 5 10 10 10 8 30 30 30 30 30 66 66 66 66 66 66 55 55 55 55 55 14 14
77 14 14 5 5 5 5 5 5 5 8 8 8 8 8 8 30 30 30 30 66 66 66 66 66 55 55 55 55 77 77 77
77 77 77 5 5 5 5 5 5 5 5 8 8 8 8 8 8 30 30 30 66 66 66 66 66 55 55 55 77 77 77 77
77 77 77 5 5 5 5 5 5 5 5 8 8 8 8 8 8 8 30 30 33 66 66 66 66 55 55 55 77 77 77 77
77 77 77 5 5 5 5 5 5 5 5 8 8 8 8 8 8 8 8 49 33 66 66 66 66 55 55 77 77 77 77 77
77 34 34 5 5 5 5 5 5 5 5 8 8 8 8 8 8 8 49 49 49 73 73 73 73 73 73 73 77 77 77 77
34 34 99 99 99 5 5 5 5 5 5 5 8 8 8 8 8 49 49 49 49 73 73 73 73 73 73 73 73 19 34 34
19 34 99 99 99 99 99 37 37 37 37 37 83 83 83 83 83 49 92 92 92 73 73 73 73 73 73 73 73 19 19 19
19 19 99 99 99 99 99 37 37 37 37 83 83 83 83 83 83 92 92 92 92 73 73 73 73 73 73 73 73 19 19 19
19 19 99 99 99 99 99 99 37 37 37 83 83 83 83 83 83 92 92 92 92 73 73 73 73 73 73 73 19 19 19 19
19 65 65 99 99 99 99 99 37 37 37 83 83 83 83 83 92 92 92 92 92 92 73 73 73 73 73 73 19 19 19 19
19 65 65 65 99 99 99 99 37 37 83 83 83 83 83 83 92 92 92 92 92 92 73 73 73 73 73 73 19 19 19 19
65 65 65 65 65 99 99 99 37 37 83 83 83 83 83 83 92 92 92 92 92 92 73 73 73 73 73 19 19 19 19 19
65 65 65 65 65 65 99 99 99 68 83 83 83 83 83 83 92 92 92 92 92 92 92 73 73 73 73 19 19 19 19 19
65 65 65 65 65 65 46 46 68 68 68 68 83 83 83 83 92 92 92 92 92 92 92 73 73 73 73 19 19 19 19 65
65 65 65 46 46 46 46 46 68 68 68 68 68 68 68 92 92 92 92 92 92 92 92 73 73 73 73 19 19 19 19 65
97 97 97 46 46 46 46 46 4 68 68 68 68 68 68 35 92 92 92 92 92 92 92 73 73 73 19 19 19 97 97 97
97 97 97 97 46 46 4 4 4 68 68 68 35 35 35 35 35 35 35 92 92 92 6 6 6 6 6 97 97 97 97 97
97 97 97 97 97 4 4 4 4 4 35 35 35 35 35 35 35 35 35 76 76 6 6 6 6 6 6 6 97 97 97 97
97 97 97 97 97 4 4 4 4 4 35 35 35 35 35 35 35 35 35 35 76 6 6 6 6 6 6 6 97 97 97 97
97 97 97 97 4 4 4 4 4 4 35 35 35 35 35 35 35 35 35 35 6 6 6 6 6 6 6 6 6 97 97 97
97 97 97 97 4 4 4 4 4 4 35 35 35 35 35 35 35 35 35 35 6 6 6 6 6 6 6 6 6 97 97 97
97 97 97 4 4 4 4 4 4 4 35 35 35 35 35 35 35 35 35 35 6 6 6 6 6 6 6 6 6 6 97 97
97 97 4 4 4 4 4 4 4 44 44 35 35 35 35 35 35 35 17 17 17 6 6 6 6 6 6 6 6 6 6 97
27 27 4 4 4 4 4 44 44 44 44 44 44 35 35 35 35 17 17 17 17 38 38 38 38 38 6 6 6 6 6 27
27 27 27 27 4 4 44 44 44 44 44 44 44 44 35 35 17 17 17 17 38 38 38 38 38 38 38 38 38 38 38 27
27 27 27 27 27 27 44 44 44 44 44 44 44 44 44 17 17 17 17 17 38 38 38 38 38 38 38 38 38 38 55 27
27 27 27 27 27 27 44 44 44 44 44 44 44 44 44 17 17 17 17 17 38 38 38 38 38 38 38 38 55 55 55 14
14 27 27 27 27 27 44 44 44 44 44 44 44 44 44 10 17 17 17 17 38 38 38 38 38 38 55 55 55 55 14 14
14 14 27 27 27 27 95 44 44 44 44 44 10 10 10 10 10 17 17 66 66 66 66 66 66 66 55 55 55 55 14 14
14 14 14 27 27 27 95 44 44 10 10 10 10 10 10 10 10 30 30 66 66 66 66 66 66 55 55 55 55 55 14 14
14 14 14 14 27 5 5 5 5 10 10 10 10 10 10 30 30 30 30 66 66 66 66 66 66 55 55 55 55 55 14 14
14 14 14 14 5 5 5 5 5 5 8 8 8 8 8 8 8 8 8 66 66 66 66 66 66 66 55 55 55 55 14 14
77 77 14 5 5 5 5 5 5 5 8 8 8 8 8 8 8 8 8 33 66 66 66 66 66 66 55 55 55 55 77 77
77 77 77 5 5 5 5 5 5 5 5 8 8 8 8 8 8 8 8 33 33 66 66 66 66 66 55 55 55 77 77 77
34 34 34 5 5 5 5 5 5 5 5 8 8 8 8 8 8 8 33 33 33 66 66 66 66 66 55 55 77 77 77 77
34 34 34 5 5 5 5 5 5 5 5 8 8 8 8 8 8 8 49 33 33 33 66 66 66 66 55 55 77 34 34 34
34 34 34 5 5 5 5 5 5 5 5 8 8 8 8 8 8 49 49 49 49 33 73 73 73 73 73 73 34 34 34 34
34 34 34 99 5 5 5 5 5 5 5 5 8 8 8 8 49 49 49 49 49 73 73 73 73 73 73 73 73 34 34 34
34 34 23 99 99 99 99 37 37 37 37 83 83 83 83 83 49 49 49 92 92 73 73 73 73 73 73 73 73 19 19 34
19 19 23 99 99 99 99 37 37 37 37 83 83 83 83 83 83 92 92 92 92 92 73 73 73 73 73 73 19 19 19 19
19 19 65 99 99 99 99 99 37 37 83 83 83 83 83 83 83 92 92 92 92 92 73 73 73 73 73 73 19 19 19 19
19 65 65 65 99 99 99 99 37 37 83 83 83 83 83 83 92 92 92 92 92 92 73 73 73 73 73 73 19 19 19 19
19 65 65 65 65 99 99 99 37 37 83 83 83 83 83 83 92 92 92 92 92 92 73 73 73 73 73 19 19 19 19 19
65 65 65 65 65 65 99 99 99 83 83 83 83 83 83 83 92 92 92 92 92 92 92 73 73 73 73 19 19 19 19 19
65 65 65 65 65 65 65 99 99 83 83 83 83 83 83 83 92 92 92 92 92 92 92 73 73 73 73 19 19 19 19 19
65 65 65 65 65 46 46 46 46 83 83 83 83 83 83 92 92 92 92 92 92 92 92 73 73 73 19 19 19 19 19 65
65 65 46 46 46 46 46 46 46 68 68 83 83 83 83 92 92 92 92 92 92 92 92 92 73 73 19 19 19 19 65 65
46 46 46 46 46 46 46 46 4 4 68 68 35 35 35 35 92 92 92 92 92 92 92 6 6 6 19 19 19 97 97 97
97 97 46 46 46 46 4 4 4 4 35 35 35 35 35 35 35 35 76 76 76 76 6 6 6 6 6 6 97 97 97 97
97 97 97 46 46 4 4 4 4 4 35 35 35 35 35 35 35 35 76 76 76 6 6 6 6 6 6 6 97 97 97 97
97 97 97 4 4 4 4 4 4 4 35 35 35 35 35 35 35 35 35 76 76 6 6 6 6 6 6 6 6 97 97 97
97 97 97 4 4 4 4 4 4 4 35 35 35 35 35 35 35 35 35 76 76 6 6 6 6 6 6 6 6 6 97 97
97 97 4 4 4 4 4 4 4 4 35 35 35 35 35 35 35 35 35 35 6 6 6 6 6 6 6 6 6 6 97 97
97 97 4 4 4 4 4 4 4 4 35 35 35 35 35 35 35 35 35 17 6 6 6 6 6 6 6 6 6 6 6 97
97 4 4 4 4 4 4 4 4 4 35 35 35 35 35 35 35 35 17 17 17 6 6 6 6 6 6 6 6 6 6 97
97 4 4 4 4 4 4 4 44 44 44 35 35 35 35 35 17 17 17 17 17 38 38 38 6 6 6 6 6 6 6 6
27 27 4 4 4 4 4 44 44 44 44 44 44 35 35 17 17 17 17 17 17 38 38 38 38 38 38 38 38 38 38 41
27 27 27 27 95 95 95 44 44 44 44 44 44 44 17 17 17 17 17 17 17 38 38 38 38 38 38 38 38 38 38 41
41 27 27 27 95 95 95 44 44 44 44 44 44 44 17 17 17 17 17 17 38 38 38 38 38 38 38 38 38 55 55 41
14 14 27 27 95 95 95 95 44 44 44 44 44 44 44 17 17 17 17 17 38 38 38 38 38 38 38 55 55 55 55 14
14 14 14 95 95 95 95 95 95 44 44 44 10 10 10 10 17 17 17 17 66 66 66 66 66 66 55 55 55 55 55 14
14 14 14 14 95 95 95 95 95 10 10 10 10 10 10 10 10 30 17 66 66 66 66 66 66 66 55 55 55 55 55 14
14 14 14 14 95 95 5 5 5 10 10 10 10 8 8 8 8 8 30 66 66 66 66 66 66 66 55 55 55 55 55 14
14 14 40 40 95 5 5 5 5 5 8 8 8 8 8 8 8 8 33 33 66 66 66 66 66 66 55 55 55 55 55 14
34 40 40 40 5 5 5 5 5 5 8 8 8 8 8 8 8 8 33 33 33 66 66 66 66 66 55 55 55 55 55 34
34 34 40 40 5 5 5 5 5 5 5 8 8 8 8 8 8 33 33 33 33 66 66 66 66 66 55 55 55 55 34 34
34 34 40 40 5 5 5 5 5 5 5 8 8 8 8 8 8 33 33 33 33 33 66 66 66 66 55 55 34 34 34 34
34 34 34 40 5 5 5 5 5 5 5 8 8 8 8 8 49 49 49 33 33 33 33 66 66 66 55 34 34 34 34 34
34 34 34 40 5 5 5 5 5 5 5 8 8 8 8 49 49 49 49 49 33 33 33 73 73 73 73 34 34 34 34 34
34 34 34 23 23 5 5 5 5 5 85 85 85 8 49 49 49 49 49 49 49 49 73 73 73 73 73 73 34 34 34 34
34 34 23 23 23 99 5 5 5 85 85 85 85 83 83 49 49 49 49 49 49 92 73 73 73 73 73 73 19 34 34 34
19 23 23 23 23 99 99 99 87 85 85 85 83 83 83 83 83 92 92 92 92 92 73 73 73 73 73 73 19 19 19 19
19 23 23 23 23 99 99 99 87 87 83 83 83 83 83 83 92 92 92 92 92 92 73 73 73 73 73 73 19 19 19 19
19 65 65 65 23 99 99 99 87 87 83 83 83 83 83 83 92 92 92 92 92 92 92 73 73 73 73 19 19 19 19 19
65 65 65 65 65 65 99 99 87 87 83 83 83 83 83 83 92 92 92 92 92 92 92 73 73 73 73 19 19 19 19 19
65 65 65 65 65 65 65 99 87 83 83 83 83 83 83 83 92 92 92 92 92 92 92 73 73 73 73 19 19 19 19 19
65 65 65 65 65 65 65 46 87 83 83 83 83 83 83 83 92 92 92 92 92 92 92 73 73 73 19 19 19 19 19 65
65 65 65 65 46 46 46 46 46 83 83 83 83 83 83 92 92 92 92 92 92 92 92 92 73 73 19 19 19 19 19 65
65 46 46 46 46 46 46 46 46 4 83 83 83 83 83 92 92 92 92 92 92 92 92 92 73 73 19 19 19 19 65 65
46 46 46 46 46 46 46 46 4 4 4 35 35 35 35 35 92 92 92 92 92 92 92 6 6 6 19 19 19 19 65 46
46 46 46 46 46 46 4 4 4 4 4 35 35 35 35 35 76 76 76 76 76 76 6 6 6 6 6 6 97 12 12 46
46 46 46 46 46 4 4 4 4 4 35 35 35 35 35 35 35 76 76 76 76 76 6 6 6 6 6 6 6 97 97 12
12 46 46 4 4 4 4 4 4 4 35 35 35 35 35 35 35 76 76 76 76 6 6 6 6 6 6 6 6 6 97 97
97 97 4 4 4 4 4 4 4 4 35 35 35 35 35 35 35 35 76 76 76 6 6 6 6 6 6 6 6 6 97 97
97 4 4 4 4 4 4 4 4 4 35 35 35 35 35 35 35 35 35 76 76 6 6 6 6 6 6 6 6 6 6 97
97 4 4 4 4 4 4 4 4 4 35 35 35 35 35 35 35 35 17 17 17 6 6 6 6 6 6 6 6 6 6 97
4 4 4 4 4 4 4 4 4 4 35 35 35 35 35 35 35 17 17 17 17 6 6 6 6 6 6 6 6 6 6 6
41 4 4 4 4 4 4 4 4 71 71 71 71 35 35 35 17 17 17 17 17 38 6 6 6 6 6 6 6 6 6 41
41 41 4 4 4 4 4 4 44 44 71 71 71 71 71 17 17 17 17 17 17 38 38 38 38 38 38 38 38 6 41 41
41 41 41 95 95 95 95 95 95 44 44 44 71 71 17 17 17 17 17 17 17 38 38 38 38 38 38 38 38 38 41 41
41 41 41 95 95 95 95 95 95 44 44 44 44 71 17 17 17 17 17 17 17 38 38 38 38 38 38 38 38 38 41 41
41 41 41 95 95 95 95 95 95 95 44 44 44 44 17 17 17 17 17 17 38 38 38 38 38 38 38 38 55 55 41 41
41 41 41 95 95 95 95 95 95 95 44 44 10 10 10 17 17 17 17 17 38 38 38 66 66 66 55 55 55 55 55 41
41 41 41 95 95 95 95 95 95 95 10 10 10 8 8 8 17 17 17 17 66 66 66 66 66 66 55 55 55 55 55 41
14 14 14 95 95 95 95 95 95 95 8 8 8 8 8 8 8 8 33 66 66 66 66 66 66 66 55 55 55 55 55 14
41 40 40 40 95 95 95 95 95 95 8 8 8 8 8 8 8 33 33 33 33 66 66 66 66 66 55 55 55 55 55 41
34 40 40 40 40 5 5 5 5 5 8 8 8 8 8 8 33 33 33 33 33 66 66 66 66 66 55 55 55 55 34 34
34 40 40 40 40 5 5 5 5 5 5 8 8 8 8 8 33 33 33 33 33 33 66 66 66 66 55 55 55 34 34 34
34 34 40 40 40 5 5 5 5 5 5 8 8 8 8 8 49 33 33 33 33 33 33 66 66 66 55 55 34 34 34 34
34 34 40 40 40 5 5 5 5 5 5 8 8 8 8 49 49 49 33 33 33 33 33 66 66 60 60 60 34 34 34 34
34 34 34 40 40 5 5 5 5 5 85 85 85 8 49 49 49 49 49 49 33 33 33 33 73 60 60 60 34 34 34 34
34 34 34 23 23 23 5 5 5 85 85 85 85 85 49 49 49 49 49 49 49 49 33 73 73 73 60 60 34 34 34 34
34 34 23 23 23 23 87 87 87 85 85 85 85 85 49 49 49 49 49 49 49 49 73 73 73 73 73 60 34 34 34 34
34 23 23 23 23 23 87 87 87 85 85 85 85 83 83 83 49 49 92 92 92 92 92 73 73 73 73 58 58 19 19 34
28 23 23 23 23 23 87 87 87 87 85 85 83 83 83 83 92 92 92 92 92 92 92 73 73 73 58 58 58 19 19 19
28 28 23 23 23 23 87 87 87 87 85 83 83 83 83 83 92 92 92 92 92 92 92 73 73 73 58 58 58 19 19 19
28 65 65 65 23 23 87 87 87 87 83 83 83 83 83 83 92 92 92 92 92 92 92 73 73 73 58 58 19 19 19 19
65 65 65 65 65 65 87 87 87 87 83 83 83 83 83 83 92 92 92 92 92 92 92 92 73 58 58 58 19 19 19 28
65 65 65 65 65 65 46 87 87 87 93 93 93 93 93 92 92 92 92 92 92 92 92 92 73 58 58 58 19 19 19 28
65 65 65 46 46 46 46 46 46 93 93 93 93 93 93 92 92 92 92 92 92 92 92 92 58 58 58 58 19 19 28 65
46 46 46 46 46 46 46 46 46 93 93 93 93 93 93 92 92 92 92 92 92 92 92 92 58 58 58 58 19 59 59 59
46 46 46 46 46 46 46 46 4 4 4 93 93 93 35 76 76 76 76 92 92 92 92 6 6 6 75 75 75 59 59 12
12 46 46 46 46 46 4 4 4 4 4 35 35 35 35 76 76 76 76 76 76 76 6 6 6 6 6 75 75 12 12 12
12 12 46 46 46 4 4 4 4 4 4 35 35 35 35 35 76 76 76 76 76 76 6 6 6 6 6 6 6 12 12 12
12 12 12 4 4 4 4 4 4 4 4 35 35 35 35 35 76 76 76 76 76 76 6 6 6 6 6 6 6 6 12 12
12 12 4 4 4 4 4 4 4 4 35 35 35 35 35 35 35 76 76 76 76 6 6 6 6 6 6 6 6 6 12 12
12 4 4 4 4 4 4 4 4 4 35 35 35 35 35 35 35 76 76 76 76 6 6 6 6 6 6 6 6 6 6 12
12 4 4 4 4 4 4 4 4 4 71 35 35 35 35 35 35 17 17 17 17 6 6 6 6 6 6 6 6 6 6 12
4 4 4 4 4 4 4 4 4 4 71 71 71 71 35 35 17 17 17 17 17 6 6 6 6 6 6 6 6 6 6 98
41 4 4 4 4 4 4 4 4 71 71 71 71 71 71 17 17 17 17 17 17 6 6 6 6 6 6 6 6 6 6 98
41 41 4 4 4 95 95 95 95 71 71 71 71 71 71 17 17 17 17 17 17 38 38 38 38 38 38 38 6 6 41 41
41 41 41 95 95 95 95 95 95 95 71 71 71 71 71 17 17 17 17 17 17 38 38 38 38 38 38 38 38 41 41 41
41 41 41 95 95 95 95 95 95 95 95 71 71 71 17 17 17 17 17 17 17 38 38 38 38 38 38 38 38 41 41 41
41 41 41 95 95 95 95 95 95 95 95 71 71 71 17 17 17 17 17 17 17 38 38 38 38 38 38 38 38 41 41 41
41 41 41 95 95 95 95 95 95 95 95 95 71 17 17 17 17 17 17 17 38 38 38 38 38 38 38 55 55 41 41 41
41 41 41 95 95 95 95 95 95 95 95 8 8 8 8 8 17 17 17 17 66 66 66 66 66 66 66 55 55 55 41 41
41 41 41 95 95 95 95 95 95 95 95 8 8 8 8 8 8 33 33 33 66 66 66 66 66 66 66 55 55 55 41 41
41 40 40 40 95 95 95 95 95 95 95 8 8 8 8 8 33 33 33 33 33 33 66 66 66 66 66 55 55 41 41 41
40 40 40 40 40 95 95 95 5 5 8 8 8 8 8 33 33 33 33 33 33 33 66 66 66 66 66 55 55 34 34 34
40 40 40 40 40 40 5 5 5 5 8 8 8 8 8 33 33 33 33 33 33 33 33 66 66 66 66 55 34 34 34 34
34 40 40 40 40 40 5 5 5 5 5 8 8 8 8 49 33 33 33 33 33 33 33 33 66 66 60 60 60 34 34 34
34 40 40 40 40 40 5 5 5 5 85 85 8 49 49 49 49 49 33 33 33 33 33 33 60 60 60 60 60 34 34 34
34 34 40 40 40 40 5 5 5 85 85 85 85 49 49 49 49 49 49 33 33 33 33 33 60 60 60 60 60 34 34 34
34 34 34 40 23 23 87 87 87 85 85 85 85 85 49 49 49 49 49 49 49 33 33 33 60 60 60 60 60 34 34 34
34 34 23 23 23 23 87 87 87 85 85 85 85 85 49 49 49 49 49 49 49 49 49 73 60 60 60 60 60 34 34 34
34 23 23 23 23 23 87 87 87 87 85 85 85 85 83 49 49 49 49 49 92 92 92 73 58 58 58 58 58 58 34 34
28 23 23 23 23 23 87 87 87 87 85 85 85 93 93 93 92 92 92 92 92 92 92 73 58 58 58 58 58 58 58 28
28 28 23 23 23 23 87 87 87 87 87 93 93 93 93 93 92 92 92 92 92 92 92 92 58 58 58 58 58 58 58 28
28 28 28 23 23 23 87 87 87 87 87 93 93 93 93 93 92 92 92 92 92 92 92 92 58 58 58 58 58 58 58 28
28 28 65 65 65 23 87 87 87 87 93 93 93 93 93 93 92 92 92 92 92 92 92 92 58 58 58 58 58 58 28 28
28 28 65 65 65 46 46 87 87 87 93 93 93 93 93 93 92 92 92 92 92 92 92 92 58 58 58 58 58 58 28 28
59 59 59 46 46 46 46 46 87 93 93 93 93 93 93 93 92 92 92 92 92 92 92 92 58 58 58 58 58 58 59 59
59 59 46 46 46 46 46 46 46 93 93 93 93 93 93 93 92 92 92 92 92 92 92 92 75 75 75 75 75 59 59 59
12 12 46 46 46 46 46 46 4 4 93 93 93 93 76 76 76 76 76 76 76 76 76 96 96 75 75 75 75 59 59 59
12 12 12 46 46 46 4 4 4 4 4 35 35 35 76 76 76 76 76 76 76 76 76 96 96 96 75 75 75 75 12 12
12 12 12 12 4 4 4 4 4 4 4 35 35 35 35 76 76 76 76 76 76 76 6 6 6 6 6 6 75 12 12 12
12 12 12 12 4 4 4 4 4 4 4 35 35 35 35 76 76 76 76 76 76 76 6 6 6 6 6 6 6 12 12 12
12 12 12 4 4 4 4 4 4 4 4 35 35 35 35 35 76 76 76 76 76 76 6 6 6 6 6 6 6 6 12 12
12 12 4 4 4 4 4 4 4 4 71 71 35 35 35 35 76 76 76 76 76 6 6 6 6 6 6 6 6 6 6 12
12 4 4 4 4 4 4 4 4 4 71 71 71 71 71 35 35 76 76 76 76 6 6 6 6 6 6 6 6 6 6 12
98 4 4 4 4 4 4 4 4 71 71 71 71 71 71 71 17 17 17 17 17 6 6 6 6 6 6 6 6 6 6 98
98 41 4 4 4 4 4 4 4 71 71 71 71 71 71 71 17 17 17 17 17 6 6 6 6 6 6 6 6 6 98 98
41 41 41 95 95 95 95 95 95 71 71 71 71 71 71 17 17 17 17 17 17 38 38 38 38 38 6 6 6 98 98 41
41 41 41 95 95 95 95 95 95 95 71 71 71 71 71 17 17 17 17 17 17 38 38 38 38 38 38 38 38 41 41 41
41 41 41 95 95 95 95 95 95 95 95 71 71 71 17 17 17 17 17 17 17 38 38 38 38 38 38 38 41 41 41 41
41 41 41 95 95 95 95 95 95 95 95 71 71 71 17 17 17 17 17 17 17 38 38 38 38 38 38 38 41 41 41 41
41 41 41 95 95 95 95 95 95 95 95 95 71 17 17 17 17 17 17 17 17 38 38 38 38 38 38 55 41 41 41 41
41 41 41 95 95 95 95 95 95 95 95 95 8 8 8 17 17 17 17 17 66 66 66 66 66 66 66 55 41 41 41 41
41 41 41 95 95 95 95 95 95 95 95 8 8 8 8 8 33 33 33 33 33 66 66 66 66 66 66 55 55 41 41 41
41 40 40 40 95 95 95 95 95 95 95 8 8 8 33 33 33 33 33 33 33 33 66 66 66 66 66 55 41 41 41 41
40 40 40 40 40 95 95 95 95 95 95 8 8 8 33 33 33 33 33 33 33 33 33 66 66 66 66 55 60 41 34 40
40 40 40 40 40 40 40 5 5 5 8 8 8 8 33 33 33 33 33 33 33 33 33 33 66 66 60 60 60 34 34 34
40 40 40 40 40 40 40 5 5 5 85 85 8 49 49 49 33 33 33 33 33 33 33 33 60 60 60 60 60 60 34 34
34 40 40 40 40 40 40 5 5 85 85 85 85 49 49 49 49 33 33 33 33 33 33 33 60 60 60 60 60 60 34 34
34 40 40 40 40 40 40 87 85 85 85 85 85 49 49 49 49 49 49 33 33 33 33 33 60 60 60 60 60 60 34 34
34 34 40 40 40 23 87 87 87 85 85 85 85 85 49 49 49 49 49 49 49 33 33 60 60 60 60 60 60 60 34 34
34 34 23 23 23 23 87 87 87 85 85 85 85 85 49 49 49 49 49 49 49 49 33 60 60 60 60 60 60 60 34 34
34 23 23 23 23 23 87 87 87 87 85 85 85 85 93 49 49 49 49 49 49 92 92 58 58 58 58 58 58 58 58 34
28 23 23 23 23 23 87 87 87 87 85 85 85 93 93 93 49 92 92 92 92 92 92 58 58 58 58 58 58 58 58 28
28 28 23 23 23 23 87 87 87 87 87 85 93 93 93 93 93 92 92 92 92 92 92 58 58 58 58 58 58 58 58 28
28 28 28 23 23 23 87 87 87 87 87 93 93 93 93 93 92 92 92 92 92 92 92 58 58 58 58 58 58 58 58 28
28 28 28 64 64 64 87 87 87 87 93 93 93 93 93 93 92 92 92 92 92 92 92 92 58 58 58 58 58 58 28 28
28 59 59 59 59 46 87 87 87 87 93 93 93 93 93 93 92 92 92 92 92 92 92 92 58 58 58 58 58 58 28 28
59 59 59 59 46 46 46 46 87 87 93 93 93 93 93 93 92 92 92 92 92 92 92 92 58 58 58 58 58 45 59 59
59 59 59 12 46 46 46 46 43 43 43 93 93 93 93 93 92 92 92 92 92 92 92 96 75 75 75 75 75 75 59 59
12 12 12 12 12 46 46 4 43 43 43 43 93 93 76 76 76 76 76 76 76 76 96 96 96 75 75 75 75 75 59 59
12 12 12 12 12 12 4 4 4 4 43 43 35 76 76 76 76 76 76 76 76 76 96 96 96 96 75 75 75 75 12 12
12 12 12 12 12 4 4 4 4 4 4 35 35 76 76 76 76 76 76 76 76 76 96 96 96 96 96 75 75 75 12 12
12 12 12 12 4 4 4 4 4 4 4 35 35 35 76 76 76 76 76 76 76 76 96 96 96 96 96 96 75 75 12 12
12 12 12 4 4 4 4 4 4 4 71 71 71 71 76 76 76 76 76 76 76 76 6 6 6 6 6 6 6 6 12 12
12 12 12 4 4 4 4 4 4 4 71 71 71 71 71 76 76 76 76 76 76 76 6 6 6 6 6 6 6 6 12 12
12 12 4 4 4 4 4 4 4 71 71 71 71 71 71 71 76 76 76 76 76 6 6 6 6 6 6 6 6 6 98 98
98 4 4 4 4 4 4 4 4 71 71 71 71 71 71 71 17 17 17 17 17 6 6 6 6 6 6 6 6 6 98 98
98 98 4 4 4 4 4 4 4 71 71 71 71 71 71 71 17 17 17 17 17 6 6 6 6 6 6 6 6 98 98 98
98 41 41 95 95 95 95 95 95 71 71 71 71 71 71 17 17 17 17 17 17 17 38 38 6 6 6 22 98 98 98 98
41 41 41 95 95 95 95 95 95 95 71 71 71 71 71 17 17 17 17 17 17 38 38 38 38 38 38 22 98 98 41 41
41 41 41 95 95 95 95 95 95 95 95 71 71 71 71 17 17 17 17 17 17 38 38 38 38 38 38 38 41 41 41 41
41 41 41 95 95 95 95 95 95 95 95 95 71 71 17 17 17 17 17 17 17 38 38 38 38 38 38 41 41 41 41 41
41 41 41 95 95 95 95 95 95 95 95 95 71 71 17 17 17 17 17 17 17 38 38 38 38 38 38 41 41 41 41 41
41 41 41 95 95 95 95 95 95 95 95 95 95 8 17 17 17 17 17 33 33 38 38 66 66 66 66 41 41 41 41 41
41 41 41 95 95 95 95 95 95 95 95 95 8 8 8 33 33 33 33 33 33 33 66 66 66 66 66 41 41 41 41 41
41 41 40 40 95 95 95 95 95 95 95 95 53 53 33 33 33 33 33 33 33 33 33 66 66 66 66 41 41 41 41 41
40 40 40 40 40 95 95 95 95 95 95 8 53 33 33 33 33 33 33 33 33 33 33 33 66 66 60 60 60 41 41 40
40 40 40 40 40 40 40 95 95 95 85 85 8 49 33 33 33 33 33 33 33 33 33 33 60 60 60 60 60 60 34 40
40 40 40 40 40 40 40 40 85 85 85 85 85 49 49 33 33 33 33 33 33 33 33 33 60 60 60 60 60 60 34 34
40 40 40 40 40 40 40 40 85 85 85 85 85 49 49 49 49 33 33 33 33 33 33 33 60 60 60 60 60 60 60 34
34 40 40 40 40 40 40 87 87 85 85 85 85 49 49 49 49 49 49 33 33 33 33 33 60 60 60 60 60 60 60 34
34 40 40 40 40 40 87 87 87 85 85 85 85 85 49 49 49 49 49 49 33 33 33 60 60 60 60 60 60 60 60 34
34 34 23 23 23 23 87 87 87 87 85 85 85 85 49 49 49 49 49 49 49 49 33 60 60 60 60 60 60 60 60 34
34 23 23 23 23 23 87 87 87 87 85 85 85 85 93 49 49 49 49 49 49 49 49 58 58 58 58 58 58 58 58 34
28 23 23 23 23 23 87 87 87 87 85 85 85 93 93 93 49 49 49 92 92 92 92 58 58 58 58 58 58 58 58 28
28 28 64 64 64 64 87 87 87 87 87 85 93 93 93 93 93 92 92 92 92 92 92 58 58 58 58 58 58 58 58 28
28 28 64 64 64 64 87 87 87 87 87 93 93 93 93 93 93 92 92 92 92 92 92 58 58 58 58 58 58 58 58 28
28 28 28 64 64 64 87 87 87 87 87 93 93 93 93 93 93 92 92 92 92 92 92 58 58 58 58 58 58 58 45 28
59 59 59 59 64 64 64 87 87 87 93 93 93 93 93 93 93 92 92 92 92 92 92 58 58 58 58 58 58 45 45 28
59 59 59 59 59 59 46 43 43 43 43 93 93 93 93 93 93 92 92 92 92 92 92 75 75 75 75 75 75 45 45 59
59 59 59 59 12 12 46 43 43 43 43 43 93 93 93 93 76 76 76 76 76 92 96 96 75 75 75 75 75 75 59 59
59 12 12 12 12 12 12 43 43 43 43 43 43 93 76 76 76 76 76 76 76 76 96 96 96 75 75 75 75 75 75 59
12 12 12 12 12 12 4 4 43 43 43 43 43 76 76 76 76 76 76 76 76 76 96 96 96 96 75 75 75 75 75 12
12 12 12 12 12 12 4 4 4 43 43 43 76 76 76 76 76 76 76 76 76 76 96 96 96 96 96 75 75 75 75 12
12 12 12 12 12 4 4 4 4 4 43 71 71 76 76 76 76 76 76 76 76 76 96 96 96 96 96 96 75 75 75 12
12 12 12 12 4 4 4 4 4 4 71 71 71 71 76 76 76 76 76 76 76 76 96 96 96 96 96 96 96 75 12 12
12 12 12 4 4 4 4 4 4 4 71 71 71 71 71 76 76 76 76 76 76 76 96 96 96 96 96 96 96 6 21 12
98 12 4 4 4 4 4 4 4 71 71 71 71 71 71 71 76 76 76 76 76 6 6 6 6 6 6 6 6 98 98 98
98 98 4 4 4 4 4 4 16 71 71 71 71 71 71 71 71 17 17 17 17 6 6 6 6 6 6 22 22 98 98 98
98 98 98 4 4 94 94 94 16 16 71 71 71 71 71 71 17 17 17 17 17 17 6 6 6 22 22 22 22 98 98 98
98 98 98 95 95 95 94 94 94 16 16 71 71 71 71 71 17 17 17 17 17 17 22 22 22 22 22 22 98 98 98 98
41 41 41 95 95 95 95 95 94 16 16 71 71 71 71 17 17 17 17 17 17 17 38 22 22 22 22 22 98 98 98 98
41 41 41 95 95 95 95 95 95 95 16 16 71 71 71 17 17 17 17 17 17 38 38 38 22 22 22 22 98 41 41 41
41 41 41 95 95 95 95 95 95 95 95 16 16 71 17 17 17 17 17 17 17 38 38 38 38 22 22 41 41 41 41 41
41 41 41 95 95 95 95 95 95 95 95 95 16 71 17 17 17 17 17 17 17 38 38 38 38 38 22 41 41 41 41 41
41 41 41 95 95 95 95 95 95 95 95 95 16 16 17 17 17 33 33 33 33 38 38 38 38 38 41 41 41 41 41 41
41 41 41 95 95 95 95 95 95 95 95 95 95 53 33 33 33 33 33 33 33 33 66 66 66 66 66 41 41 41 41 41
41 41 40 40 95 95 95 95 95 95 95 95 53 53 53 53 33 33 33 33 33 33 33 33 66 66 41 41 41 41 41 41
40 40 40 40 40 95 95 95 95 95 95 53 53 53 53 33 33 33 33 33 33 33 33 33 66 60 60 60 60 41 41 41
40 40 40 40 40 40 40 95 95 95 15 53 53 53 53 33 33 33 33 33 33 33 33 33 60 60 60 60 60 60 60 40
40 40 40 40 40 40 40 40 15 15 15 15 53 53 49 33 33 33 33 33 33 33 33 33 60 60 60 60 60 60 60 40
40 40 40 40 40 40 40 40 15 15 85 85 85 49 49 49 33 33 33 33 33 33 33 33 60 60 60 60 60 60 60 60
40 40 40 40 40 40 40 87 87 85 85 85 85 49 49 49 49 49 33 33 33 33 33 60 60 60 60 60 60 60 60 60
34 40 40 40 40 40 87 87 87 85 85 85 85 85 49 49 49 49 49 49 33 33 33 60 60 60 60 60 60 60 60 60
34 40 23 23 23 23 87 87 87 87 85 85 85 85 49 49 49 49 49 49 49 33 33 60 60 60 60 60 60 60 60 60
64 64 64 64 64 64 87 87 87 87 85 85 85 85 85 49 49 49 49 49 49 49 49 60 60 60 60 60 60 60 60 60
36 64 64 64 64 64 87 87 87 87 87 85 85 93 93 93 49 49 49 49 92 92 92 58 58 58 58 58 58 58 58 36
36 64 64 64 64 64 87 87 87 87 87 85 93 93 93 93 93 92 92 92 92 92 92 58 58 58 58 58 58 58 45 36
36 36 64 64 64 64 64 87 87 87 87 93 93 93 93 93 93 92 92 92 92 92 92 58 58 58 58 58 58 45 45 45
36 28 64 64 64 64 64 87 87 87 87 93 93 93 93 93 93 92 92 92 92 92 92 58 58 58 58 58 58 45 45 45
59 59 59 59 64 64 64 43 43 43 43 93 93 93 93 93 93 92 92 92 92 92 92 58 58 58 58 58 45 45 45 45
59 59 59 59 59 59 43 43 43 43 43 43 93 93 93 93 93 92 92 92 92 92 92 75 75 75 75 75 75 45 45 59
59 59 59 59 59 12 43 43 43 43 43 43 43 93 93 93 76 76 76 76 76 76 96 96 75 75 75 75 75 75 75 59
59 59 12 12 12 12 43 43 43 43 43 43 43 43 76 76 76 76 76 76 76 76 96 96 96 75 75 75 75 75 75 59
12 12 12 12 12 12 43 43 43 43 43 43 43 76 76 76 76 76 76 76 76 76 96 96 96 96 75 75 75 75 75 75
12 12 12 12 12 12 4 43 43 43 43 43 43 76 76 76 76 76 76 76 76 76 96 96 96 96 96 75 75 75 75 12
12 12 12 12 12 4 4 4 43 43 43 43 71 76 76 76 76 76 76 76 76 96 96 96 96 96 96 96 75 75 75 21
21 12 12 12 4 4 4 4 4 4 71 71 71 71 76 76 76 76 76 76 76 96 96 96 96 96 96 96 96 75 21 21
21 21 12 12 4 4 4 4 4 100 71 71 71 71 71 76 76 76 76 76 76 96 96 96 96 96 96 96 96 96 21 21
98 21 12 4 4 4 4 4 100 100 71 71 71 71 71 71 76 76 76 76 76 96 96 96 96 96 96 96 22 98 98 98
98 98 82 4 4 4 94 100 100 16 16 71 71 71 71 71 71 76 76 76 76 96 96 22 22 22 22 22 22 98 98 98
98 98 82 94 94 94 94 94 16 16 16 71 71 71 71 71 17 17 17 17 17 22 22 22 22 22 22 22 22 98 98 98
98 98 82 94 94 94 94 94 16 16 16 16 71 71 71 71 17 17 17 17 17 17 22 22 22 22 22 22 98 98 98 98
98 82 82 95 94 94 94 94 94 16 16 16 16 71 71 71 17 17 17 17 17 17 22 22 22 22 22 22 98 98 98 98
41 41 41 95 95 95 94 94 94 94 16 16 16 71 71 17 17 17 17 17 17 17 22 22 22 22 22 22 98 98 98 41
41 41 41 95 95 95 95 95 94 94 16 16 16 16 71 17 17 17 17 17 17 17 22 22 22 22 22 98 98 41 41 41
41 41 41 95 95 95 95 95 95 95 94 16 16 16 16 17 17 17 17 17 17 38 38 22 22 22 22 41 41 41 41 41
41 41 41 95 95 95 95 95 95 95 95 95 16 16 53 53 33 33 33 33 33 33 38 38 22 22 41 41 41 41 41 41
41 41 41 95 95 95 95 95 95 95 95 95 53 53 53 53 33 33 33 33 33 33 33 66 66 66 41 41 41 41 41 41
41 41 9 40 95 95 95 95 95 95 95 53 53 53 53 53 53 33 33 33 33 33 33 33 66 41 41 41 41 41 41 41
40 40 40 40 40 95 95 95 95 95 53 53 53 53 53 53 53 33 33 33 33 33 33 33 60 60 60 60 60 41 41 41
40 40 40 40 40 40 40 95 15 15 15 53 53 53 53 53 33 33 33 33 33 33 33 33 60 60 60 60 60 60 60 40
40 40 40 40 40 40 40 15 15 15 15 15 53 53 53 53 33 33 33 33 33 33 33 33 60 60 60 60 60 60 60 40
40 40 40 40 40 40 40 15 15 15 15 15 15 53 53 49 33 33 33 33 33 33 33 33 60 60 60 60 60 60 60 60
40 40 40 40 40 40 40 15 15 15 15 15 15 15 49 49 49 49 33 33 33 33 33 60 60 60 60 60 60 60 60 60
40 40 40 40 40 40 87 15 15 15 15 15 15 85 49 49 49 49 49 33 33 33 33 60 60 60 60 60 60 60 60 60
60 64 64 64 64 64 87 87 87 15 15 15 85 85 49 49 49 49 49 49 49 33 33 60 60 60 60 60 60 60 60 60
36 64 64 64 64 64 87 87 87 87 85 85 85 85 85 49 49 49 49 49 49 49 49 60 60 60 60 60 60 60 60 36
36 64 64 64 64 64 87 87 87 87 87 85 85 93 93 56 56 56 56 56 49 49 58 58 58 58 58 58 58 58 36 36
36 36 64 64 64 64 64 87 87 87 87 85 93 93 93 93 56 56 56 56 56 92 92 58 58 58 58 58 58 45 45 36
36 36 64 64 64 64 64 87 87 87 87 93 93 93 93 93 56 56 56 56 92 92 92 58 58 58 58 58 45 45 45 36
36 36 64 64 64 64 64 87 87 87 43 93 93 93 93 93 93 56 56 92 92 92 92 58 58 58 58 45 45 45 45 45
36 36 59 64 64 64 43 43 43 43 43 43 93 93 93 93 93 56 92 92 92 92 92 75 75 75 75 45 45 45 45 45
59 59 59 59 59 43 43 43 43 43 43 43 43 93 93 93 93 92 92 92 92 92 96 75 75 75 75 75 75 75 45 45
59 59 59 59 59 43 43 43 43 43 43 43 43 43 93 76 76 76 76 76 76 96 96 96 75 75 75 75 75 75 75 59
59 59 59 12 12 43 43 43 43 43 43 43 43 43 76 76 76 76 76 76 76 96 96 96 96 75 75 75 75 75 75 75
21 12 12 12 12 12 43 43 43 43 43 43 43 43 57 76 76 76 76 76 76 96 96 96 96 96 75 75 75 75 75 75
21 21 12 12 12 12 43 43 43 43 43 43 43 57 57 76 76 76 76 76 76 96 96 96 96 96 96 75 75 75 75 21
21 21 21 12 12 12 43 43 43 43 43 43 43 57 57 76 76 76 76 76 76 96 96 96 96 96 96 96 75 75 21 21
21 21 21 21 12 4 4 4 43 43 43 71 71 57 57 76 76 76 76 76 76 96 96 96 96 96 96 96 96 75 21 21
21 21 21 21 4 4 4 100 100 100 100 71 71 71 62 57 76 76 76 76 76 96 96 96 96 96 96 96 96 96 21 21
21 21 21 21 4 4 100 100 100 100 100 100 71 71 62 62 62 76 76 76 76 96 96 96 96 96 96 96 22 98 98 98
98 82 82 82 94 94 100 100 100 100 100 16 71 71 62 62 62 62 62 76 76 96 96 22 22 22 22 22 22 98 98 98
98 82 82 82 94 94 94 94 16 16 16 16 16 71 62 62 62 62 62 17 17 22 22 22 22 22 22 22 22 98 98 98
82 82 82 94 94 94 94 94 16 16 16 16 16 62 62 62 62 62 17 17 17 22 22 22 22 22 22 22 98 98 98 98
82 82 82 9 94 94 94 94 94 16 16 16 16 16 62 62 62 62 17 17 17 22 22 22 22 22 22 22 98 98 98 98
82 82 9 9 94 94 94 94 94 16 16 16 16 16 62 62 62 17 17 17 17 22 22 22 22 22 22 22 98 98 98 98
41 9 9 9 94 94 94 94 94 94 16 16 16 16 16 62 62 17 17 17 17 22 22 22 22 22 22 98 98 98 41 41
41 9 9 9 95 95 94 94 94 94 94 16 16 16 16 53 17 17 17 17 17 22 22 22 22 22 22 98 41 41 41 41
41 9 9 9 95 95 95 95 94 94 94 16 16 53 53 53 53 53 33 33 33 33 22 22 22 22 22 41 41 41 41 41
41 41 9 9 95 95 95 95 95 95 94 94 53 53 53 53 53 53 33 33 33 33 33 22 22 22 41 41 41 41 41 41
9 9 9 9 95 95 95 95 94 94 94 53 53 53 53 53 53 53 53 33 33 33 33 33 22 60 41 41 41 41 41 41
9 40 40 40 40 95 95 95 95 15 53 53 53 53 53 53 53 53 33 33 33 33 33 33 60 60 60 60 60 60 41 41
40 40 40 40 40 40 40 15 15 15 15 53 53 53 53 53 53 53 33 33 33 33 33 33 60 60 60 60 60 60 60 40
40 40 40 40 40 40 40 15 15 15 15 15 53 53 53 53 53 53 33 33 33 33 33 33 60 60 60 60 60 60 60 60
40 40 40 40 40 40 15 15 15 15 15 15 15 53 53 53 53 33 33 33 33 33 33 60 60 60 60 60 60 60 60 60
40 40 40 40 40 40 15 15 15 15 15 15 15 15 53 53 49 33 33 33 33 33 33 60 60 60 60 60 60 60 60 60
60 40 40 40 40 40 15 15 15 15 15 15 15 15 15 49 49 49 49 33 33 33 33 60 60 60 60 60 60 60 60 60
36 64 64 64 64 64 15 15 15 15 15 15 15 15 56 56 56 56 56 49 33 33 33 60 60 60 60 60 60 60 60 60
36 64 64 64 64 64 64 15 15 15 15 15 15 15 56 56 56 56 56 56 56 56 56 60 60 60 60 60 60 60 60 36
36 36 64 64 64 64 64 87 87 15 15 15 15 56 56 56 56 56 56 56 56 56 56 58 58 58 58 58 58 45 36 36
36 36 64 64 64 64 64 87 87 87 87 15 93 56 56 56 56 56 56 56 56 56 56 58 58 58 58 58 45 45 36 36
36 36 64 64 64 64 64 87 87 87 87 93 93 93 56 56 56 56 56 56 56 56 56 58 58 58 58 45 45 45 45 36
36 36 36 64 64 64 64 43 43 43 43 43 93 93 56 56 56 56 56 56 56 56 56 58 58 58 45 45 45 45 45 36
36 36 36 51 51 51 43 43 43 43 43 43 43 93 93 56 56 56 56 56 56 56 75 75 75 75 75 75 45 45 45 36
36 59 59 51 51 51 43 43 43 43 43 43 43 43 93 56 56 56 56 56 57 96 96 75 75 75 75 75 75 75 75 45
59 59 59 59 51 43 43 43 43 43 43 43 43 43 43 57 57 57 57 57 57 96 96 96 75 75 75 75 75 75 75 75
21 21 21 12 12 43 43 43 43 43 43 43 43 43 57 57 57 57 57 57 57 96 96 96 96 75 75 75 75 75 75 75
21 21 21 21 12 43 43 43 43 43 43 43 43 43 57 57 57 57 57 57 57 96 96 96 96 96 75 75 75 75 75 21
21 21 21 21 21 43 43 43 43 43 43 43 43 57 57 57 57 57 57 57 57 96 96 96 96 96 96 75 75 75 21 21
21 21 21 21 21 43 43 43 43 43 43 43 43 57 57 57 57 57 57 57 57 96 96 96 96 96 96 96 75 75 21 21
21 21 21 21 21 21 43 43 43 43 100 100 62 57 57 57 57 57 57 57 57 96 96 96 96 96 96 96 96 21 21 21
21 21 21 21 21 21 100 100 100 100 100 100 62 62 62 57 57 57 57 57 57 96 96 96 96 96 96 96 96 21 21 21
21 21 21 21 21 100 100 100 100 100 100 100 62 62 62 62 62 57 57 57 57 96 96 96 96 96 96 96 22 98 98 21
82 82 82 21 94 94 100 100 100 100 100 100 62 62 62 62 62 62 62 57 57 96 96 22 22 22 22 22 22 98 98 98
82 82 82 82 94 94 94 100 100 100 100 16 16 62 62 62 62 62 62 62 62 22 22 22 22 22 22 22 22 98 98 82
82 82 82 9 94 94 94 94 16 16 16 16 16 62 62 62 62 62 62 62 62 22 22 22 22 22 22 22 98 98 98 82
82 82 9 9 94 94 94 94 94 16 16 16 16 16 62 62 62 62 62 62 22 22 22 22 22 22 22 22 98 98 98 82
82 9 9 9 94 94 94 94 94 16 16 16 16 16 62 62 62 62 62 62 17 22 22 22 22 22 22 22 98 98 82 82
9 9 9 9 94 94 94 94 94 94 16 16 16 16 62 62 62 62 62 17 17 22 22 22 22 22 22 22 98 98 82 82
9 9 9 9 94 94 94 94 94 94 16 16 16 16 16 53 53 53 53 17 17 22 22 22 22 22 22 98 98 98 82 9
9 9 9 9 94 94 94 94 94 94 94 16 16 53 53 53 53 53 53 53 33 33 22 22 22 22 22 41 41 41 41 9
9 9 9 9 95 95 94 94 94 94 94 53 53 53 53 53 53 53 53 33 33 33 33 22 22 22 41 41 41 41 41 9
9 9 9 9 9 94 94 94 94 94 53 53 53 53 53 53 53 53 53 53 33 33 33 33 88 88 88 41 41 41 9 9
9 9 9 9 40 95 94 94 94 15 53 53 53 53 53 53 53 53 53 53 33 33 33 33 88 88 60 60 60 60 9 9
40 40 40 40 40 40 15 15 15 15 15 53 53 53 53 53 53 53 53 53 33 33 33 33 60 60 60 60 60 60 60 60
40 40 40 40 40 40 15 15 15 15 15 15 53 53 53 53 53 53 53 33 33 33 33 33 60 60 60 60 60 60 60 60
40 40 40 40 40 40 15 15 15 15 15 15 15 53 53 53 53 53 53 33 33 33 33 60 60 60 60 60 60 60 60 60
60 40 40 40 40 15 15 15 15 15 15 15 15 15 53 53 53 53 33 33 33 33 33 60 60 60 60 60 60 60 60 60
60 40 40 40 40 15 15 15 15 15 15 15 15 15 15 56 56 56 56 56 33 33 33 60 60 60 60 60 60 60 60 60
36 64 64 64 64 64 15 15 15 15 15 15 15 15 56 56 56 56 56 56 56 56 56 60 60 60 60 60 60 60 60 60
36 36 64 64 64 64 15 15 15 15 15 15 15 15 56 56 56 56 56 56 56 56 56 60 60 60 60 60 60 60 36 36
36 36 64 64 64 64 64 15 15 15 15 15 15 56 56 56 56 56 56 56 56 56 56 60 60 60 60 60 45 36 36 36
36 36 36 64 64 64 64 15 15 15 15 15 15 56 56 56 56 56 56 56 56 56 56 58 58 58 58 45 45 45 36 36
36 36 36 51 51 51 51 78 78 78 78 15 56 56 56 56 56 56 56 56 56 56 56 58 58 58 45 45 45 45 36 36
36 36 36 51 51 51 51 43 43 43 43 43 43 56 56 56 56 56 56 56 56 56 56 75 75 75 45 45 45 45 36 36
36 36 51 51 51 51 51 43 43 43 43 43 43 43 56 56 56 56 56 56 56 56 75 75 75 75 75 75 75 45 45 36
36 36 51 51 51 51 43 43 43 43 43 43 43 43 56 56 56 56 56 56 56 96 96 75 75 75 75 75 75 75 75 36
21 21 51 51 51 51 43 43 43 43 43 43 43 43 43 57 57 57 57 57 57 96 96 96 75 75 75 75 75 75 75 75
21 21 21 21 51 43 43 43 43 43 43 43 43 43 57 57 57 57 57 57 57 96 96 96 96 75 75 75 75 75 75 21
21 21 21 21 21 43 43 43 43 43 43 43 43 43 57 57 57 57 57 57 57 96 96 96 96 96 75 75 75 75 75 21
21 21 21 21 21 43 43 43 43 43 43 43 43 57 57 57 57 57 57 57 57 96 96 96 96 96 96 75 75 75 21 21
21 21 21 21 21 21 43 43 43 43 43 43 43 57 57 57 57 57 57 57 57 96 96 96 96 96 96 96 75 21 21 21
21 21 21 21 21 21 43 43 43 100 100 100 62 57 57 57 57 57 57 57 57 96 96 96 96 96 96 96 96 21 21 21
21 21 21 21 21 21 100 100 100 100 100 100 62 62 62 57 57 57 57 57 57 96 96 96 96 96 96 96 96 21 21 21
21 21 21 21 21 100 100 100 100 100 100 100 62 62 62 62 62 57 57 57 57 96 96 96 96 96 96 96 22 98 21 21
82 82 82 21 94 100 100 100 100 100 100 100 100 62 62 62 62 62 62 57 57 96 96 22 22 22 22 22 22 98 82 82
82 82 82 82 94 94 100 100 100 100 100 100 100 62 62 62 62 62 62 62 62 22 22 22 22 22 22 22 22 98 82 82
82 82 82 9 94 94 94 100 100 100 16 16 16 62 62 62 62 62 62 62 62 22 22 22 22 22 22 22 98 98 82 82
82 82 9 9 94 94 94 94 94 16 16 16 16 62 62 62 62 62 62 62 62 22 22 22 22 22 22 22 98 82 82 82
82 9 9 9 94 94 94 94 94 16 16 16 16 16 62 62 62 62 62 62 62 22 22 22 22 22 22 22 98 82 82 82
9 9 9 9 94 94 94 94 94 94 16 16 16 16 62 62 62 62 62 62 22 22 22 22 22 22 22 22 98 82 82 82
9 9 9 9 9 94 94 94 94 94 16 16 16 16 53 53 53 53 53 53 22 22 22 22 22 22 22 98 82 82 82 9
9 9 9 9 9 94 94 94 94 94 94 16 16 53 53 53 53 53 53 53 53 22 22 22 22 22 22 98 82 82 9 9
9 9 9 9 9 94 94 94 94 94 94 53 53 53 53 53 53 53 53 53 53 33 33 22 22 22 22 41 41 9 9 9
9 9 9 9 9 94 94 94 94 94 53 53 53 53 53 53 53 53 53 53 53 53 33 88 88 88 88 88 88 9 9 9
9 9 9 9 9 94 94 94 15 15 53 53 53 53 53 53 53 53 53 53 53 53 33 88 88 88 88 88 88 88 9 9
9 9 40 40 40 40 15 15 15 15 15 53 53 53 53 53 53 53 53 53 53 33 33 88 88 88 88 88 88 88 88 9
40 40 40 40 40 15 15 15 15 15 15 15 53 53 53 53 53 53 53 53 53 33 33 88 88 88 60 60 60 60 60 60
40 40 40 40 40 15 15 15 15 15 15 15 15 53 53 53 53 53 53 53 33 33 33 60 60 60 60 60 60 60 60 60
60 40 40 40 40 15 15 15 15 15 15 15 15 15 53 53 53 53 53 53 33 33 33 60 60 60 60 60 60 60 60 60
60 40 40 64 64 15 15 15 15 15 15 15 15 15 15 56 56 56 56 56 56 56 56 60 60 60 60 60 60 60 60 60
36 36 64 64 64 15 15 15 15 15 15 15 15 15 56 56 56 56 56 56 56 56 56 60 60 60 60 60 60 60 60 36
36 36 64 64 64 64 15 15 15 15 15 15 15 15 56 56 56 56 56 56 56 56 56 60 60 60 60 60 60 60 36 36
36 36 36 64 51 51 15 15 15 15 15 15 15 56 56 56 56 56 56 56 56 56 56 56 60 60 60 45 45 36 36 36
36 36 51 51 51 51 51 78 15 15 15 15 56 56 56 56 56 56 56 56 56 56 56 56 58 45 45 45 45 36 36 36
36 36 51 51 51 51 51 78 78 78 78 78 56 56 56 56 56 56 56 56 56 56 56 56 58 45 45 45 45 36 36 36
36 36 51 51 51 51 51 78 78 78 78 78 56 56 56 56 56 56 56 56 56 56 56 75 75 75 75 45 45 45 36 36
36 51 51 51 51 51 51 78 78 43 43 43 43 56 56 56 56 56 56 56 56 56 56 75 75 75 75 75 75 45 36 36
36 51 51 51 51 51 51 43 43 43 43 43 43 43 56 56 56 56 56 56 56 56 96 75 75 75 75 75 75 75 75 36
21 51 51 51 51 51 43 43 43 43 43 43 43 43 43 57 57 57 57 57 57 57 96 96 75 75 75 75 75 75 75 21
21 21 21 51 51 51 43 43 43 43 43 43 43 43 57 57 57 57 57 57 57 57 96 96 96 75 75 75 75 75 75 21
21 21 21 21 21 43 43 43 43 43 43 43 43 43 57 57 57 57 57 57 57 57 96 96 96 96 75 75 75 75 21 21
21 21 21 21 21 43 43 43 43 43 43 43 43 57 57 57 57 57 57 57 57 57 96 96 96 96 96 75 75 21 21 21
21 21 21 21 21 21 43 43 43 43 43 43 57 57 57 57 57 57 57 57 57 57 96 96 96 96 96 96 75 21 21 21
21 21 21 21 21 21 43 43 100 100 100 100 57 57 57 57 57 57 57 57 57 96 96 96 96 96 96 96 96 21 21 21
21 21 21 21 21 100 100 100 100 100 100 100 62 62 62 57 57 57 57 57 57 96 96 96 96 96 96 96 96 21 21 21
21 21 21 21 21 100 100 100 100 100 100 100 62 62 62 62 62 57 57 57 57 96 96 96 96 96 96 96 22 21 21 21
82 82 67 67 67 100 100 100 100 100 100 100 100 62 62 62 62 62 62 57 57 96 96 22 22 22 22 22 22 82 82 82
82 82 67 67 67 94 100 100 100 100 100 100 100 62 62 62 62 62 62 62 62 22 22 22 22 22 22 22 22 82 82 82
82 82 9 67 67 94 94 100 100 100 100 100 100 62 62 62 62 62 62 62 62 22 22 22 22 22 22 22 22 82 82 82
82 9 9 9 94 94 94 94 100 100 16 16 16 62 62 62 62 62 62 62 62 22 22 22 22 22 22 22 82 82 82 82
9 9 9 9 94 94 94 94 94 16 16 16 16 16 62 62 62 62 62 62 62 22 22 22 22 22 22 22 82 82 82 82
9 9 9 9 9 94 94 94 94 16 16 16 16 16 62 62 62 62 62 62 62 22 22 22 22 22 22 22 82 82 82 9
9 9 9 9 9 94 94 94 94 94 16 16 16 16 53 53 53 53 53 53 53 22 22 22 22 22 22 82 82 82 9 9
9 9 9 9 9 94 94 94 94 94 94 16 53 53 53 53 53 53 53 53 53 22 22 22 22 22 22 82 82 9 9 9
9 9 9 9 9 94 94 94 94 94 94 53 53 53 53 53 53 53 53 53 53 53 22 22 88 88 88 88 9 9 9 9
9 9 9 9 9 9 94 94 94 94 53 53 53 53 53 53 53 53 53 53 53 53 88 88 88 88 88 88 88 88 9 9
9 9 9 9 9 9 94 15 15 15 53 53 53 53 53 53 53 53 53 53 53 53 88 88 88 88 88 88 88 88 88 9
9 9 9 9 9 15 15 15 15 15 15 53 53 53 53 53 53 53 53 53 53 53 88 88 88 88 88 88 88 88 88 88
88 40 40 40 40 15 15 15 15 15 15 15 53 53 53 53 53 53 53 53 53 53 88 88 88 88 88 88 88 88 88 88
60 40 40 40 40 15 15 15 15 15 15 15 15 53 53 53 53 53 53 53 53 53 88 88 88 88 88 88 88 88 88 88
60 40 40 40 15 15 15 15 15 15 15 15 15 15 53 53 53 53 53 53 56 56 56 88 88 88 88 60 60 60 60 60
60 36 64 64 15 15 15 15 15 15 15 15 15 15 56 56 56 56 56 56 56 56 56 60 60 60 60 60 60 60 60 60
36 36 64 64 51 15 15 15 15 15 15 15 15 15 56 56 56 56 56 56 56 56 56 60 60 60 60 60 60 60 60 36
36 36 51 51 51 51 15 15 15 15 15 15 15 56 56 56 56 56 56 56 56 56 56 56 60 60 60 60 60 36 36 36
36 36 51 51 51 51 51 15 15 15 15 15 15 56 56 56 56 56 56 56 56 56 56 56 60 60 60 45 36 36 36 36
36 51 51 51 51 51 51 78 78 78 15 15 56 56 56 56 56 56 56 56 56 56 56 56 45 45 45 45 45 36 36 36
36 51 51 51 51 51 51 78 78 78 78 78 56 56 56 56 56 56 56 56 56 56 56 56 75 45 45 45 45 36 36 36
36 51 51 51 51 51 51 78 78 78 78 78 78 56 56 56 56 56 56 56 56 56 56 75 75 75 75 45 45 36 36 36
51 51 51 51 51 51 51 78 78 78 78 78 78 56 56 56 56 56 56 56 56 56 56 75 75 75 75 75 75 75 36 36
51 51 51 51 51 51 51 78 78 78 78 78 43 43 56 56 56 56 56 56 56 56 96 75 75 75 75 75 75 75 75 36
21 51 51 51 51 51 51 78 43 43 43 43 43 43 57 57 57 57 57 57 57 57 96 96 75 75 75 75 75 75 75 21
21 21 21 51 51 51 43 43 43 43 43 43 43 43 57 57 57 57 57 57 57 57 96 96 96 75 75 75 75 75 21 21
21 21 21 21 51 51 43 43 43 43 43 43 43 57 57 57 57 57 57 57 57 57 96 96 96 96 75 75 75 75 21 21
21 21 21 21 21 43 43 43 43 43 43 43 43 57 57 57 57 57 57 57 57 57 96 96 96 96 96 75 75 21 21 21
21 21 21 21 21 21 43 43 43 43 43 43 57 57 57 57 57 57 57 57 57 57 96 96 96 96 96 96 21 21 21 21
21 21 21 21 21 21 43 100 100 100 100 100 57 57 57 57 57 57 57 57 57 57 96 96 96 96 96 96 21 21 21 21
21 21 21 21 21 74 100 100 100 100 100 100 62 62 57 57 57 57 57 57 57 57 96 96 96 96 96 96 21 21 21 21
21 21 21 21 74 74 100 100 100 100 100 100 100 62 62 62 57 57 57 57 57 57 96 96 96 96 96 96 22 21 21 21
82 67 67 67 67 67 100 100 100 100 100 100 100 62 62 62 62 62 62 57 57 57 96 22 22 22 22 22 22 82 82 82
82 67 67 67 67 67 100 100 100 100 100 100 100 62 62 62 62 62 62 62 62 22 22 22 22 22 22 22 22 82 82 82
82 67 67 67 67 67 100 100 100 100 100 100 100 62 62 62 62 62 62 62 62 22 22 22 22 22 22 22 82 82 82 82
9 9 67 67 67 67 94 100 100 100 100 100 100 62 62 62 62 62 62 62 62 22 22 22 22 22 22 22 82 82 82 82
9 9 9 67 67 94 94 94 94 16 16 16 16 62 62 62 62 62 62 62 62 22 22 22 22 22 22 22 82 82 82 82
9 9 9 9 67 94 94 94 94 16 16 16 16 16 62 62 62 62 62 62 62 22 22 22 22 22 22 82 82 82 82 9
9 9 9 9 9 94 94 94 94 94 16 16 16 53 53 53 53 53 53 53 53 22 22 22 22 22 22 82 82 82 9 9
9 9 9 9 9 94 94 94 94 94 16 16 53 53 53 53 53 53 53 53 53 53 22 22 88 88 88 88 82 9 9 9
9 9 9 9 9 94 94 94 94 94 53 53 53 53 53 53 53 53 53 53 53 53 88 88 88 88 88 88 88 9 9 9
9 9 9 9 9 9 94 94 94 53 53 53 53 53 53 53 53 53 53 53 53 53 88 88 88 88 88 88 88 88 88 9
9 9 9 9 9 9 94 15 15 15 53 53 53 53 53 53 53 53 53 53 53 53 88 88 88 88 88 88 88 88 88 88
88 9 9 9 9 15 15 15 15 15 15 53 53 53 53 53 53 53 53 53 53 53 88 88 88 88 88 88 88 88 88 88
88 1 1 1 11 15 15 15 15 15 15 15 53 53 53 53 53 53 53 53 53 53 88 88 88 88 88 88 88 88 88 88
88 1 1 1 15 15 15 15 15 15 15 15 15 53 53 53 53 53 53 53 53 53 88 88 88 88 88 88 88 88 88 88
1 1 1 1 15 15 15 15 15 15 15 15 15 15 53 53 53 53 53 56 56 56 88 88 88 88 88 88 88 88 88 88
1 1 51 51 15 15 15 15 15 15 15 15 15 15 56 56 56 56 56 56 56 56 56 88 88 88 88 88 88 88 88 88
36 36 51 51 51 15 15 15 15 15 15 15 15 15 56 56 56 56 56 56 56 56 56 56 88 88 88 60 60 60 60 36
36 51 51 51 51 51 15 15 15 15 15 15 15 56 56 56 56 56 56 56 56 56 56 56 60 60 60 60 60 36 36 36
36 51 51 51 51 51 51 78 15 15 15 15 15 56 56 56 56 56 56 56 56 56 56 56 60 91 91 91 36 36 36 36
51 51 51 51 51 51 51 78 78 78 78 78 56 56 56 56 56 56 56 56 56 56 56 56 91 91 91 91 91 36 36 36
51 51 51 51 51 51 51 78 78 78 78 78 56 56 56 56 56 56 56 56 56 56 56 56 91 91 91 91 91 91 91 36
51 51 51 51 51 51 78 78 78 78 78 78 78 56 56 56 56 56 56 56 56 56 56 56 91 91 91 91 91 91 91 91
51 51 51 51 51 51 78 78 78 78 78 78 78 56 56 56 56 56 56 56 56 56 56 91 91 91 91 91 91 91 91 91
51 51 51 51 51 51 78 78 78 78 78 78 78 78 56 56 56 56 56 56 56 56 81 75 75 91 91 91 91 91 91 91
51 51 51 51 51 51 78 78 78 78 78 78 78 78 56 57 57 57 57 57 57 81 81 96 75 75 75 91 91 91 91 91
21 21 51 51 51 51 78 78 78 78 43 43 43 43 57 57 57 57 57 57 57 81 81 96 96 75 75 75 91 91 21 21
21 21 21 21 51 51 43 43 43 43 43 43 43 57 57 57 57 57 57 57 57 81 81 96 96 96 75 75 75 21 21 21
21 21 21 21 21 51 43 43 43 43 43 43 43 57 57 57 57 57 57 57 57 81 81 96 96 96 96 80 80 21 21 21
21 21 21 21 21 74 43 43 43 43 43 43 57 57 57 57 57 57 57 57 57 81 81 96 96 96 96 80 80 21 21 21
21 21 21 21 74 74 74 74 100 100 100 100 57 57 57 57 57 57 57 57 57 81 81 96 96 96 96 80 80 21 21 21
21 21 21 74 74 74 74 100 100 100 100 100 100 62 57 57 57 57 57 57 81 81 81 96 96 96 96 80 80 80 21 21
21 21 67 74 74 74 74 100 100 100 100 100 100 62 62 62 57 57 57 57 81 81 81 96 96 96 96 80 80 80 21 21
67 67 67 67 67 74 74 100 100 100 100 100 100 62 62 62 62 62 57 57 81 81 81 22 22 22 22 22 22 82 82 67
67 67 67 67 67 67 100 100 100 100 100 100 100 62 62 62 62 62 62 62 81 81 22 22 22 22 22 22 82 82 82 67
67 67 67 67 67 67 67 100 100 100 100 100 100 62 62 62 62 62 62 62 62 81 22 22 22 22 22 22 82 82 82 82
67 67 67 67 67 67 67 100 100 100 100 100 100 62 62 62 62 62 62 62 62 22 22 22 22 22 22 22 82 82 82 82
9 67 67 67 67 67 67 94 100 100 100 100 16 62 62 62 62 62 62 62 62 22 22 22 22 22 22 22 82 82 82 9
9 9 67 67 67 67 94 94 94 16 16 16 16 62 62 62 62 62 62 62 62 22 22 22 22 22 22 82 82 82 9 9
9 9 9 67 67 67 94 94 94 94 16 16 16 53 53 53 53 53 53 53 53 22 22 22 22 88 88 88 82 9 9 9
9 9 9 9 9 67 94 94 94 94 16 53 53 53 53 53 53 53 53 53 53 53 88 88 88 88 88 88 88 88 9 9
9 9 9 9 9 9 94 94 94 94 53 53 53 53 53 53 53 53 53 53 53 53 88 88 88 88 88 88 88 88 9 9
9 9 9 9 9 67 67 94 94 53 53 53 53 53 53 53 53 53 53 53 53 88 88 88 88 88 88 88 88 88 88 88
88 1 9 9 9 11 11 11 15 48 53 53 53 53 53 53 53 53 53 53 53 88 88 88 88 88 88 88 88 88 88 88
88 1 1 1 11 11 11 15 15 15 15 53 53 53 53 53 53 53 53 53 53 88 88 88 88 88 88 88 88 88 88 88
1 1 1 1 11 11 11 15 15 15 15 15 53 53 53 53 53 53 53 53 53 53 88 88 88 88 88 88 88 88 88 88
1 1 1 1 11 11 15 15 15 15 15 15 15 53 53 53 53 53 53 53 53 53 88 88 88 88 88 88 88 88 88 88
1 1 1 1 11 11 15 15 15 15 15 15 15 15 53 53 53 53 56 56 56 56 88 88 88 88 88 88 88 88 88 88
1 1 1 1 11 15 15 15 15 15 15 15 15 15 56 56 56 56 56 56 56 56 56 88 88 88 88 88 88 88 88 1
1 1 51 51 51 15 15 15 15 15 15 15 15 56 56 56 56 56 56 56 56 56 56 88 88 88 88 88 88 88 88 1
51 51 51 51 51 51 15 15 15 15 15 15 15 56 56 56 56 56 56 56 56 56 56 56 88 88 88 88 91 91 36 36
51 51 51 51 51 51 78 78 78 15 15 15 56 56 56 56 56 56 56 56 56 56 56 56 91 91 91 91 91 91 91 91
51 51 51 51 51 51 78 78 78 78 78 78 56 56 56 56 56 56 56 56 56 56 56 56 91 91 91 91 91 91 91 91
51 51 51 51 51 51 78 78 78 78 78 78 78 56 56 56 56 56 56 56 56 56 56 56 91 91 91 91 91 91 91 91
51 51 51 51 51 51 78 78 78 78 78 78 78 56 56 56 56 56 56 56 56 56 56 91 91 91 91 91 91 91 91 91
91 51 51 51 51 51 78 78 78 78 78 78 78 78 56 56 56 56 56 56 56 56 25 91 91 91 91 91 91 91 91 91
91 51 51 51 51 51 78 78 78 78 78 78 78 78 56 56 56 56 56 56 56 70 25 91 91 91 91 91 91 91 91 91
91 51 51 51 51 51 78 78 78 78 78 78 78 26 26 56 57 57 57 81 81 81 81 81 91 91 91 91 91 91 91 91
91 21 51 51 51 51 78 78 78 78 78 78 26 26 57 57 57 57 57 81 81 81 81 81 81 91 91 91 91 91 91 91
21 21 21 51 51 51 78 78 78 78 78 26 26 26 57 57 57 57 57 81 81 81 81 81 81 80 80 80 80 80 80 21
21 21 21 21 21 74 78 78 43 43 43 26 26 57 57 57 57 57 57 81 81 81 81 81 81 80 80 80 80 80 80 21
21 21 21 21 74 74 74 74 43 43 43 26 26 57 57 57 57 57 57 81 81 81 81 81 81 80 80 80 80 80 80 80
21 21 21 74 74 74 74 74 74 100 100 100 57 57 57 57 57 57 57 81 81 81 81 81 81 80 80 80 80 80 80 80
21 21 74 74 74 74 74 74 74 100 100 100 100 62 57 57 57 57 57 81 81 81 81 81 81 96 80 80 80 80 80 80
67 67 74 74 74 74 74 74 100 100 100 100 100 62 62 62 57 57 81 81 81 81 81 81 81 96 80 80 80 80 80 80
67 67 67 67 74 74 74 74 100 100 100 100 100 62 62 62 62 62 81 81 81 81 81 81 81 22 22 80 80 80 80 67
67 67 67 67 67 74 74 74 100 100 100 100 100 62 62 62 62 62 62 81 81 81 81 81 22 22 22 22 82 82 67 67
67 67 67 67 67 67 67 100 100 100 100 100 100 62 62 62 62 62 62 62 81 81 81 22 22 22 22 22 82 82 67 67
67 67 67 67 67 67 67 100 100 100 100 100 100 62 62 62 62 62 62 62 81 81 22 22 22 22 22 22 82 82 67 67
67 67 67 67 67 67 67 67 100 100 100 100 100 62 62 62 62 62 62 62 62 22 22 22 22 22 22 82 82 82 9 67
67 67 67 67 67 67 67 67 100 100 100 100 16 62 62 62 62 62 62 62 42 22 22 22 22 88 88 88 82 9 9 9
9 67 67 67 67 67 67 94 94 16 16 16 16 53 53 53 53 53 53 42 42 42 88 88 88 88 88 88 88 88 9 9
9 9 67 67 67 67 67 94 94 94 16 53 53 53 53 53 53 53 53 53 53 88 88 88 88 88 88 88 88 88 88 9
9 9 9 9 67 67 67 94 94 94 53 53 53 53 53 53 53 53 53 53 53 88 88 88 88 88 88 88 88 88 88 88
88 1 1 67 67 67 11 11 11 48 48 48 48 48 48 48 53 53 53 53 53 39 88 88 88 88 88 88 88 88 88 88
88 1 1 1 11 11 11 11 11 48 48 48 48 48 48 48 48 53 53 53 53 39 88 88 88 88 88 88 88 88 88 88
1 1 1 1 11 11 11 11 11 48 48 48 48 48 48 48 48 53 53 53 53 39 88 88 88 88 88 88 88 88 88 88
1 1 1 1 11 11 11 11 11 15 48 48 48 48 48 48 48 48 53 53 53 39 88 88 88 88 88 88 88 88 88 88
1 1 1 1 11 11 11 11 15 15 15 48 48 48 48 48 48 48 48 53 53 39 39 88 88 88 88 88 88 88 88 1
1 1 1 1 11 11 11 11 15 15 15 15 48 48 48 48 48 48 56 56 56 39 39 88 88 88 88 88 88 88 88 1
1 1 1 11 11 11 11 15 15 15 15 15 15 48 48 56 56 56 56 56 56 56 39 88 88 88 88 88 88 88 1 1
1 1 1 11 11 11 11 15 15 15 15 15 15 56 56 56 56 56 56 56 56 56 56 88 88 88 88 88 88 88 1 1
1 51 51 51 51 51 78 15 15 15 15 15 15 56 56 56 56 56 56 56 56 56 56 56 88 88 88 91 91 91 91 1
51 51 51 51 51 51 78 78 78 78 78 15 56 56 56 56 56 56 56 56 56 56 56 56 91 91 91 91 91 91 91 91
91 51 51 51 51 51 78 78 78 78 78 78 56 56 56 56 56 56 56 56 56 56 56 25 91 91 91 91 91 91 91 91
91 51 51 51 51 51 78 78 78 78 78 78 78 56 56 56 56 56 56 56 56 56 70 25 91 91 91 91 91 91 91 91
91 51 51 51 51 51 78 78 78 78 78 78 78 56 56 56 56 56 56 56 70 70 25 25 91 91 91 91 91 91 91 91
91 51 51 51 51 51 78 78 78 78 78 78 78 26 56 56 56 56 56 70 70 70 25 25 91 91 91 91 91 91 91 91
91 51 51 51 51 51 78 78 78 78 78 78 26 26 26 56 56 70 70 70 70 25 25 25 91 91 91 91 91 91 91 91
91 91 51 51 51 51 78 78 78 78 78 26 26 26 26 26 70 70 70 70 81 81 81 81 91 91 91 91 91 91 91 91
91 91 51 51 51 51 78 78 78 78 26 26 26 26 26 26 57 81 81 81 81 81 81 81 81 91 91 91 91 91 91 91
80 21 21 51 51 51 78 78 78 26 26 26 26 26 26 57 57 81 81 81 81 81 81 81 81 80 80 80 80 80 80 80
80 80 21 74 74 74 74 78 26 26 26 26 26 26 57 57 57 81 81 81 81 81 81 81 81 80 80 80 80 80 80 80
80 80 21 74 74 74 74 74 74 26 26 26 26 26 57 57 57 81 81 81 81 81 81 81 81 80 80 80 80 80 80 80
80 80 74 74 74 74 74 74 74 54 54 54 54 54 57 57 57 81 81 81 81 81 81 81 81 80 80 80 80 80 80 80
80 74 74 74 74 74 74 74 74 74 54 54 54 54 57 57 57 81 81 81 81 81 81 81 81 80 80 80 80 80 80 80
80 74 74 74 74 74 74 74 74 74 100 54 54 62 62 62 57 81 81 81 81 81 81 81 81 80 80 80 80 80 80 80
67 67 67 74 74 74 74 74 74 100 100 100 100 62 62 62 62 81 81 81 81 81 81 81 81 81 80 80 80 80 80 80
67 67 67 67 74 74 74 74 74 100 100 100 100 62 62 62 62 62 81 81 81 81 81 81 81 81 80 80 80 80 67 67
67 67 67 67 67 67 74 74 74 100 100 100 100 62 62 62 62 62 81 81 81 81 81 81 81 22 22 80 80 67 67 67
67 67 67 67 67 67 67 67 100 100 100 100 100 62 62 62 62 62 62 81 81 81 81 81 22 22 22 82 82 67 67 67
67 67 67 67 67 67 67 67 100 100 100 100 100 13 62 62 62 62 42 42 42 81 81 22 22 22 88 88 82 67 67 67
67 67 67 67 67 67 67 67 67 100 100 100 13 13 62 42 42 42 42 42 42 42 42 88 88 88 88 88 88 88 67 67
67 67 67 67 67 67 67 67 67 100 100 16 48 53 53 42 42 42 42 42 42 42 88 88 88 88 88 88 88 88 88 67
67 67 67 67 67 67 67 67 94 94 48 48 48 48 53 53 53 42 42 42 42 42 88 88 88 88 88 88 88 88 88 88
88 9 67 67 67 67 67 67 94 48 48 48 48 48 48 53 53 53 53 42 42 39 88 88 88 88 88 88 88 88 88 88
1 1 1 1 11 11 11 11 11 48 48 48 48 48 48 48 48 48 48 42 42 39 39 39 88 88 88 88 88 88 88 88
1 1 1 1 11 11 11 11 11 48 48 48 48 48 48 48 48 48 48 48 42 39 39 39 88 88 88 88 88 88 88 88
1 1 1 1 11 11 11 11 11 48 48 48 48 48 48 48 48 48 48 48 48 39 39 39 88 88 88 88 88 88 88 1
1 1 1 1 11 11 11 11 11 48 48 48 48 48 48 48 48 48 48 48 48 39 39 39 39 88 88 88 88 88 88 1
1 1 1 1 11 11 11 11 11 11 48 48 48 48 48 48 48 48 48 48 48 39 39 39 39 88 88 88 88 88 1 1
1 1 1 11 11 11 11 11 11 11 48 48 48 48 48 48 48 48 48 48 48 39 39 39 39 88 88 88 88 88 1 1
1 1 1 11 11 11 11 11 11 11 15 48 48 48 48 48 48 48 56 56 56 56 39 39 39 88 88 88 88 1 1 1
1 1 1 11 11 11 11 11 11 15 15 15 48 48 48 56 56 56 56 56 56 56 39 39 39 88 88 88 88 1 1 1
1 1 61 61 61 61 11 11 78 15 15 15 56 56 56 56 56 56 56 56 56 56 56 39 39 88 88 91 91 91 1 1
91 51 51 51 51 51 78 78 78 78 78 78 56 56 56 56 56 56 56 56 56 56 70 25 91 91 91 91 91 91 91 91
91 51 51 51 51 51 78 78 78 78 78 78 78 56 56 56 56 56 56 56 70 70 70 25 91 91 91 91 91 91 91 91
91 91 51 51 51 51 78 78 78 78 78 78 78 56 56 56 56 56 70 70 70 70 25 25 91 91 91 91 91 91 91 91
91 91 51 51 51 51 78 78 78 78 78 78 26 26 56 56 56 70 70 70 70 70 25 25 91 91 91 91 91 91 91 91
91 91 51 51 51 51 78 78 78 78 78 26 26 26 26 70 70 70 70 70 70 25 25 25 91 91 91 91 91 91 91 91
91 91 51 51 51 51 78 78 78 78 26 26 26 26 26 70 70 70 70 70 70 25 25 25 91 91 91 91 91 91 91 91
91 91 51 51 51 78 78 78 78 26 26 26 26 26 26 26 70 70 70 70 25 25 25 25 91 91 91 91 91 91 91 91
91 91 91 51 51 78 78 78 26 26 26 26 26 26 26 26 70 70 81 81 81 81 81 81 81 91 91 91 91 91 91 91
80 80 80 51 51 78 78 26 26 26 26 26 26 26 26 26 81 81 81 81 81 81 81 81 81 80 80 80 80 80 80 80
80 80 80 74 74 74 74 26 26 26 26 26 26 26 26 81 81 81 81 81 81 81 81 81 81 80 80 80 80 80 80 80
80 80 74 74 74 74 74 74 26 26 26 26 54 54 54 81 81 81 81 81 81 81 81 81 81 80 80 80 80 80 80 80
80 80 74 74 74 74 74 74 74 54 54 54 54 54 54 81 81 81 81 81 81 81 81 81 81 80 80 80 80 80 80 80
80 74 74 74 74 74 74 74 74 54 54 54 54 54 54 81 81 81 81 81 81 81 81 81 81 80 80 80 80 80 80 80
80 74 74 74 74 74 74 74 74 54 54 54 54 54 54 81 81 81 81 81 81 81 81 81 81 80 80 80 80 80 80 80
67 67 74 74 74 74 74 74 74 74 54 54 13 13 13 62 81 81 81 81 81 81 81 81 81 81 80 80 80 80 80 80
67 67 67 74 74 74 74 74 74 74 13 13 13 13 13 13 62 81 81 81 81 81 81 81 81 81 80 80 80 80 80 67
67 67 67 67 67 74 74 74 74 74 13 13 13 13 13 13 62 81 81 81 81 81 81 81 81 72 80 80 80 67 67 67
67 67 67 67 67 67 67 74 74 13 13 13 13 13 13 13 42 42 42 42 81 81 81 81 81 72 88 18 67 67 67 67
67 67 67 67 67 67 67 67 74 13 13 13 13 13 13 42 42 42 42 42 42 42 42 81 88 88 88 88 88 67 67 67
67 67 67 67 67 67 67 67 67 13 13 13 13 13 42 42 42 42 42 42 42 42 42 39 88 88 88 88 88 88 67 67
67 67 67 67 67 67 67 67 67 13 13 13 13 48 42 42 42 42 42 42 42 42 39 39 88 88 88 88 88 88 88 67
67 67 67 67 67 67 67 67 67 48 48 48 48 48 48 42 42 42 42 42 42 42 39 39 88 88 88 88 88 88 88 88
88 1 67 67 67 67 67 11 11 48 48 48 48 48 48 48 48 42 42 42 42 39 39 39 88 88 88 88 88 88 88 88
1 1 1 1 11 11 11 11 11 48 48 48 48 48 48 48 48 48 42 42 42 39 39 39 39 39 88 88 88 88 88 1
1 1 1 1 11 11 11 11 11 48 48 48 48 48 48 48 48 48 48 42 42 39 39 39 39 39 88 88 88 88 88 1
1 1 1 1 11 11 11 11 11 11 48 48 48 48 48 48 48 48 48 48 39 39 39 39 39 39 39 88 88 88 1 1
1 1 1 1 11 11 11 11 11 11 48 48 48 48 48 48 48 48 48 48 48 39 39 39 39 39 39 88 88 88 1 1
1 1 1 11 11 11 11 11 11 11 48 48 48 48 48 48 48 48 48 48 48 39 39 39 39 39 39 88 88 88 1 1
1 1 1 11 11 11 11 11 11 11 48 48 48 48 48 48 48 48 48 48 48 39 39 39 39 39 39 88 88 1 1 1
1 1 1 11 11 11 11 11 11 11 48 48 48 48 48 48 48 48 48 48 48 39 39 39 39 39 39 88 88 1 1 1
1 1 1 61 11 11 11 11 11 11 11 48 48 48 48 48 48 48 56 56 56 70 39 39 39 39 39 88 1 1 1 1
1 1 61 61 61 61 61 11 11 11 11 48 48 48 56 56 56 56 56 56 70 70 70 39 89 89 89 91 91 1 1 1
91 61 61 61 61 61 61 61 78 78 78 78 56 56 56 56 56 56 70 70 70 70 70 25 89 89 91 91 91 91 91 91
91 91 51 51 61 61 78 78 78 78 78 78 26 56 56 56 70 70 70 70 70 70 25 25 91 91 91 91 91 91 91 91
91 91 51 51 51 78 78 78 78 78 78 26 26 26 70 70 70 70 70 70 70 70 25 25 91 91 91 91 91 91 91 91
91 91 51 51 51 78 78 78 78 78 26 26 26 26 70 70 70 70 70 70 70 25 25 25 91 91 91 91 91 91 91 91
91 91 91 51 51 78 78 78 78 26 26 26 26 26 26 70 70 70 70 70 70 25 25 25 91 91 91 91 91 91 91 91
91 91 91 51 51 78 78 78 26 26 26 26 26 26 26 70 70 70 70 70 25 25 25 25 91 91 91 91 91 91 91 91
91 91 91 51 51 78 78 26 26 26 26 26 26 26 26 70 70 70 70 70 25 25 25 25 91 91 91 91 91 91 91 91
91 91 91 51 51 78 26 26 26 26 26 26 26 26 26 47 70 70 70 70 81 81 81 81 81 91 91 91 91 91 91 91
80 80 80 74 74 74 26 26 26 26 26 26 26 26 26 47 81 81 81 81 81 81 81 81 81 80 80 80 80 80 80 80
80 80 80 74 74 74 74 26 26 26 26 26 26 26 47 47 81 81 81 81 81 81 81 81 81 80 80 80 80 80 80 80
80 80 74 74 74 74 74 74 54 54 54 54 54 54 47 47 81 81 81 81 81 81 81 81 81 80 80 80 80 80 80 80
80 80 74 74 74 74 74 74 54 54 54 54 54 54 54 81 81 81 81 81 81 81 81 81 81 80 80 80 80 80 80 80
80 74 74 74 74 74 74 74 74 54 54 54 54 54 54 81 81 81 81 81 81 81 81 81 81 72 80 80 80 80 80 80
80 74 74 74 74 74 74 74 74 54 54 54 54 54 54 54 81 81 81 81 81 81 81 81 81 72 80 80 80 80 80 80
67 74 74 74 74 74 74 74 74 54 54 54 13 13 13 13 81 81 81 81 81 81 81 81 81 72 80 80 80 80 80 80
67 67 74 74 74 74 74 74 74 13 13 13 13 13 13 13 13 81 81 81 81 81 81 81 72 72 72 80 80 80 80 67
67 67 67 67 74 74 74 74 74 13 13 13 13 13 13 13 13 42 81 81 81 81 81 81 72 72 72 80 80 80 67 67
67 67 67 67 67 67 74 74 74 13 13 13 13 13 13 13 42 42 42 42 42 81 81 81 72 72 18 18 18 18 67 67
67 67 67 67 67 67 67 74 13 13 13 13 13 13 13 42 42 42 42 42 42 42 42 42 39 39 88 18 18 18 67 67
67 67 67 67 67 67 67 67 13 13 13 13 13 13 42 42 42 42 42 42 42 42 42 39 39 39 88 88 88 18 18 67
67 67 67 67 67 67 67 67 13 13 13 13 13 13 42 42 42 42 42 42 42 42 42 39 39 39 88 88 88 88 88 67
67 67 67 67 67 67 67 67 2 48 48 48 48 48 48 42 42 42 42 42 42 42 39 39 39 39 88 88 88 88 88 88
1 1 1 67 67 67 11 11 11 48 48 48 48 48 48 48 42 42 42 42 42 42 39 39 39 39 88 88 88 88 88 88
1 1 1 1 11 11 11 11 11 48 48 48 48 48 48 48 48 42 42 42 42 39 39 39 39 39 39 39 88 88 88 1
1 1 1 1 11 11 11 11 11 11 48 48 48 48 48 48 48 48 48 42 42 39 39 39 39 39 39 39 39 88 1 1
1 1 1 1 11 11 11 11 11 11 48 48 48 48 48 48 48 48 48 48 39 39 39 39 39 39 39 39 39 88 1 1
1 1 1 11 11 11 11 11 11 11 48 48 48 48 48 48 48 48 48 48 39 39 39 39 39 39 39 39 39 1 1 1
1 1 1 11 11 11 11 11 11 11 48 48 48 48 48 48 48 48 48 48 48 39 39 39 39 39 39 39 39 1 1 1
1 1 1 11 11 11 11 11 11 11 48 48 48 48 48 48 48 48 48 48 48 39 39 39 39 39 39 39 1 1 1 1
1 1 1 11 11 11 11 11 11 11 11 48 48 48 48 48 48 48 48 48 48 39 39 39 39 39 39 39 1 1 1 1
1 1 61 61 61 61 11 11 11 11 11 48 48 48 48 48 48 48 48 86 86 86 39 39 39 39 39 39 1 1 1 1
1 61 61 61 61 61 61 61 61 11 11 48 48 48 48 48 48 70 70 70 70 70 70 89 89 89 89 89 89 1 1 1
91 61 61 61 61 61 61 61 61 61 78 26 48 48 70 70 70 70 70 70 70 70 25 25 89 89 89 89 91 91 91 91
91 91 61 61 61 61 61 61 78 78 26 26 26 26 70 70 70 70 70 70 70 70 25 25 89 89 91 91 91 91 91 91
91 91 91 61 61 61 61 78 78 26 26 26 26 26 70 70 70 70 70 70 70 70 25 25 25 91 91 91 91 91 91 91
91 91 91 51 51 78 78 78 26 26 26 26 26 26 70 70 70 70 70 70 70 25 25 25 25 91 91 91 91 91 91 91
91 91 91 51 51 78 78 26 26 26 26 26 26 26 26 70 70 70 70 70 70 25 25 25 25 91 91 91 91 91 91 91
91 91 91 91 51 78 26 26 26 26 26 26 26 26 26 70 70 70 70 70 25 25 25 25 25 91 91 91 91 91 91 91
91 91 91 91 51 26 26 26 26 26 26 26 26 26 26 70 70 70 70 70 25 25 25 25 25 91 91 91 91 91 91 91
91 91 91 91 26 26 26 26 26 26 26 26 26 26 47 47 70 70 70 25 25 25 25 25 90 90 91 91 91 91 91 91
80 80 80 74 74 26 26 26 26 26 26 26 26 47 47 47 70 70 81 81 81 81 81 81 90 80 80 80 80 80 80 80
80 80 80 74 74 74 74 26 26 26 26 26 47 47 47 47 81 81 81 81 81 81 81 81 81 80 80 80 80 80 80 80
80 80 74 74 74 74 74 74 54 54 54 54 54 54 47 47 81 81 81 81 81 81 81 81 81 72 80 80 80 80 80 80
80 80 74 74 74 74 74 74 54 54 54 54 54 54 54 54 81 81 81 81 81 81 81 81 72 72 80 80 80 80 80 80
80 74 74 74 74 74 74 74 54 54 54 54 54 54 54 54 81 81 81 81 81 81 81 81 72 72 80 80 80 80 80 80
80 74 74 74 74 74 74 74 54 54 54 54 54 54 54 54 81 81 81 81 81 81 81 81 72 72 72 80 80 80 80 80
80 74 74 74 74 74 74 74 74 54 54 54 13 13 13 13 81 81 81 81 81 81 81 81 72 72 72 80 80 80 80 80
67 74 74 74 74 74 74 74 74 13 13 13 13 13 13 13 13 81 81 81 81 81 81 72 72 72 72 72 80 80 80 80
67 67 67 74 74 74 74 74 74 13 13 13 13 13 13 13 13 42 42 81 81 81 81 72 72 72 72 72 18 18 18 67
67 67 67 67 74 74 74 74 13 13 13 13 13 13 13 13 42 42 42 42 42 42 81 72 72 72 18 18 18 18 18 18
67 67 67 67 67 67 74 74 13 13 13 13 13 13 13 42 42 42 42 42 42 42 42 42 39 29 18 18 18 18 18 18
18 67 67 67 67 67 2 2 13 13 13 13 13 13 42 42 42 42 42 42 42 42 42 39 39 39 39 18 18 18 18 18
18 67 67 67 67 67 2 2 2 13 13 13 13 13 42 42 42 42 42 42 42 42 42 39 39 39 39 39 18 18 18 18
18 18 67 67 67 2 2 2 2 13 13 48 48 48 42 42 42 42 42 42 42 42 39 39 39 39 39 39 88 88 18 18
1 1 1 1 2 11 11 11 11 48 48 48 48 48 48 42 42 42 42 42 42 42 39 39 39 39 39 39 88 88 88 1
1 1 1 1 11 11 11 11 11 11 48 48 48 48 48 48 42 42 42 42 42 42 39 39 39 39 39 39 39 39 1 1
1 1 1 1 11 11 11 11 11 11 48 48 48 48 48 48 48 48 42 42 42 39 39 39 39 39 39 39 39 39 1 1
1 1 1 1 11 11 11 11 11 11 48 48 48 48 48 48 48 48 48 42 42 39 39 39 39 39 39 39 39 1 1 1
1 1 1 11 11 11 11 11 11 11 48 48 48 48 48 48 48 48 48 48 39 39 39 39 39 39 39 39 39 1 1 1
1 1 1 11 11 11 11 11 11 11 48 48 48 48 48 48 48 48 48 48 39 39 39 39 39 39 39 39 39 1 1 1
1 1 1 11 11 11 11 11 11 11 11 48 48 48 48 48 48 48 48 48 48 39 39 39 39 39 39 39 1 1 1 1
1 1 1 61 11 11 11 11 11 11 11 48 48 48 48 48 48 48 48 86 86 39 39 39 39 39 39 39 1 1 1 1
1 1 61 61 61 61 61 11 11 11 11 48 48 48 48 48 48 48 86 86 86 86 86 89 89 89 89 89 89 1 1 1
1 61 61 61 61 61 61 61 61 61 11 48 48 48 48 48 86 86 86 86 86 86 86 89 89 89 89 89 89 89 1 1
31 61 61 61 61 61 61 61 61 61 61 26 48 48 70 70 70 70 70 70 70 70 25 89 89 89 89 89 89 89 31 31
31 61 61 61 61 61 61 61 61 61 26 26 26 70 70 70 70 70 70 70 70 70 25 25 89 89 89 89 89 31 31 31
91 31 61 61 61 61 61 61 26 26 26 26 26 26 70 70 70 70 70 70 70 25 25 25 25 89 89 91 91 91 91 91
91 91 91 61 61 61 61 26 26 26 26 26 26 26 70 70 70 70 70 70 70 25 25 25 25 91 91 91 91 91 91 91
91 91 91 91 61 26 26 26 26 26 26 26 26 26 70 70 70 70 70 70 25 25 25 25 25 91 91 91 91 91 91 91
91 91 91 91 26 26 26 26 26 26 26 26 26 26 47 70 70 70 70 70 25 25 25 25 25 90 91 91 91 91 91 91
91 91 91 91 26 26 26 26 26 26 26 26 26 47 47 70 70 70 70 25 25 25 25 25 90 90 91 91 91 91 91 91
91 91 91 91 26 26 26 26 26 26 26 26 47 47 47 47 70 70 70 25 25 25 25 90 90 90 90 91 91 91 91 91
80 80 80 74 74 26 26 26 26 26 26 26 47 47 47 47 47 70 25 25 25 25 25 90 90 90 80 80 80 80 80 80
80 80 80 74 74 74 26 26 26 26 26 47 47 47 47 47 47 81 81 81 81 81 81 81 72 72 80 80 80 80 80 80
80 80 74 74 74 74 74 54 54 54 54 54 54 47 47 47 81 81 81 81 81 81 81 72 72 72 72 80 80 80 80 80
80 80 74 74 74 74 74 54 54 54 54 54 54 54 54 54 81 81 81 81 81 81 81 72 72 72 72 80 80 80 80 80
80 74 74 74 74 74 74 74 54 54 54 54 54 54 54 54 81 81 81 81 81 81 81 72 72 72 72 80 80 80 80 80
80 74 74 74 74 74 74 74 54 54 54 54 54 54 54 13 81 81 81 81 81 81 81 72 72 72 72 72 80 80 80 80
69 74 74 74 74 74 74 74 54 54 54 13 13 13 13 13 13 81 81 81 81 81 72 72 72 72 72 72 80 80 80 80
69 74 74 74 74 74 74 74 13 13 13 13 13 13 13 13 13 81 81 81 81 81 72 72 72 72 72 72 80 80 69 69
18 67 74 74 74 74 74 74 13 13 13 13 13 13 13 13 13 42 42 42 81 81 72 72 72 72 72 18 18 18 18 18
18 67 67 74 74 74 74 74 13 13 13 13 13 13 13 13 42 42 42 42 42 42 72 72 72 72 18 18 18 18 18 18
18 18 67 67 2 2 2 2 13 13 13 13 13 13 13 42 42 42 42 42 42 42 42 29 29 29 18 18 18 18 18 18
18 18 67 2 2 2 2 2 2 13 13 13 13 13 42 42 42 42 42 42 42 42 42 39 39 29 18 18 18 18 18 18
18 18 18 2 2 2 2 2 2 13 13 13 13 42 42 42 42 42 42 42 42 42 42 39 39 39 39 18 18 18 18 18
18 18 18 2 2 2 2 2 2 2 13 13 48 42 42 42 42 42 42 42 42 42 39 39 39 39 39 39 39 18 18 18
1 1 1 2 2 2 2 2 2 48 48 48 48 48 48 42 42 42 42 42 42 42 39 39 39 39 39 39 39 39 18 1
1 1 1 1 11 11 11 11 11 11 48 48 48 48 48 42 42 42 42 42 42 42 39 39 39 39 39 39 39 39 1 1
1 1 1 1 11 11 11 11 11 11 48 48 48 48 48 48 48 42 42 42 42 39 39 39 39 39 39 39 39 39 1 1
1 1 1 11 11 11 11 11 11 11 48 48 48 48 48 48 48 48 48 42 42 39 39 39 39 39 39 39 39 1 1 1
1 1 1 11 11 11 11 11 11 11 48 48 48 48 48 48 48 48 48 48 39 39 39 39 39 39 39 39 39 1 1 1
1 1 1 11 11 11 11 11 11 11 11 48 48 48 48 48 48 48 48 48 39 39 39 39 39 39 39 39 39 1 1 1
1 1 1 11 11 11 11 11 11 11 11 48 48 48 48 48 48 48 48 48 86 39 39 39 39 39 39 39 1 1 1 1
1 1 61 61 61 61 11 11 11 11 11 48 48 48 48 48 48 48 86 86 86 86 39 39 39 39 39 89 63 1 1 1
1 61 61 61 61 61 61 61 61 11 11 50 48 48 48 48 86 86 86 86 86 86 86 89 89 89 89 89 89 63 1 1
61 61 61 61 61 61 61 61 61 61 61 50 50 50 50 86 86 86 86 86 86 86 86 89 89 89 89 89 89 89 63 63
31 61 61 61 61 61 61 61 61 61 61 50 50 50 86 86 86 86 86 86 86 86 86 89 89 89 89 89 89 89 31 31
31 31 61 61 61 61 61 61 61 61 26 3 3 3 70 70 70 70 70 70 70 25 25 89 89 89 89 89 89 31 31 31
31 31 61 61 61 61 61 61 61 26 26 3 3 3 70 70 70 70 70 70 70 25 25 25 89 89 89 89 31 31 31 31
31 31 31 61 61 61 61 26 26 26 26 26 3 3 70 70 70 70 70 70 25 25 25 25 25 89 89 31 31 31 31 31
31 31 31 32 32 32 26 26 26 26 26 26 3 3 3 70 70 70 70 70 25 25 25 25 25 90 91 31 31 31 31 31
31 31 31 32 32 32 26 26 26 26 26 26 47 47 47 70 70 70 70 25 25 25 25 25 90 90 90 91 91 91 91 91
91 91 91 32 32 26 26 26 26 26 26 26 47 47 47 70 70 70 70 25 25 25 25 90 90 90 90 91 91 91 91 91
91 91 91 91 26 26 26 26 26 26 26 47 47 47 47 47 70 70 25 25 25 25 25 90 90 90 90 90 91 91 91 91
80 80 80 74 74 26 26 26 26 26 47 47 47 47 47 47 47 70 25 25 25 25 90 90 90 90 90 80 80 80 80 80
80 80 80 74 74 74 26 54 54 54 47 47 47 47 47 47 47 52 81 81 81 81 90 90 90 90 72 80 80 80 80 80
80 80 74 74 74 74 74 54 54 54 54 54 54 47 47 47 47 81 81 81 81 81 72 72 72 72 72 80 80 80 80 80
80 80 74 74 74 74 74 54 54 54 54 54 54 54 54 47 52 81 81 81 81 81 72 72 72 72 72 72 80 80 80 80
80 69 74 74 74 74 74 54 54 54 54 54 54 54 54 54 81 81 81 81 81 81 72 72 72 72 72 72 80 80 80 80
69 69 74 74 74 74 74 54 54 54 54 54 54 54 54 13 13 81 81 81 81 81 72 72 72 72 72 72 72 80 80 69
69 69 74 74 74 74 74 74 54 54 54 13 13 13 13 13 13 81 81 81 81 72 72 72 72 72 72 72 72 69 69 69
69 69 74 74 74 74 74 74 13 13 13 13 13 13 13 13 13 42 42 81 81 72 72 72 72 72 72 72 69 69 69 69
18 18 74 74 74 74 74 74 13 13 13 13 13 13 13 13 13 42 42 42 42 72 72 72 72 72 72 18 18 18 18 18
18 18 18 2 2 2 2 2 13 13 13 13 13 13 13 13 42 42 42 42 42 42 72 72 72 29 29 18 18 18 18 18
18 18 18 2 2 2 2 2 13 13 13 13 13 13 13 42 42 42 42 42 42 42 42 29 29 29 29 18 18 18 18 18
18 18 18 2 2 2 2 2 2 13 13 13 13 13 42 42 42 42 42 42 42 42 42 29 29 29 29 18 18 18 18 18
18 18 18 2 2 2 2 2 2 2 13 13 13 42 42 42 42 42 42 42 42 42 42 39 29 29 29 18 18 18 18 18
18 18 18 2 2 2 2 2 2 2 13 13 13 42 42 42 42 42 42 42 42 42 42 39 39 39 39 39 18 18 18 18
18 18 1 2 2 2 2 2 2 2 48 48 48 48 42 42 42 42 42 42 42 42 39 39 39 39 39 39 39 18 18 18
1 1 1 2 2 2 2 11 11 11 48 48 48 48 48 42 42 42 42 42 42 42 39 39 39 39 39 39 39 39 18 1
1 1 1 11 11 11 11 11 11 11 48 48 48 48 48 48 42 42 42 42 42 39 39 39 39 39 39 39 39 39 1 1
1 1 1 11 11 11 11 11 11 11 48 48 48 48 48 48 48 48 42 42 42 39 39 39 39 39 39 39 39 1 1 1
1 1 1 11 11 11 11 11 11 11 11 48 48 48 48 48 48 48 48 42 42 39 39 39 39 39 39 39 39 1 1 1
1 1 1 11 11 11 11 11 11 11 11 48 48 48 48 48 48 48 48 48 86 39 39 39 39 39 39 39 39 1 1 1
1 1 61 61 11 11 11 11 11 11 11 50 50 48 48 48 48 48 86 86 86 86 39 39 39 39 39 39 63 63 63 1
1 1 61 61 61 61 61 11 11 11 11 50 50 50 50 50 48 86 86 86 86 86 86 89 89 89 89 89 63 63 63 63
63 61 61 61 61 61 61 61 61 61 50 50 50 50 50 50 86 86 86 86 86 86 86 89 89 89 89 89 89 63 63 63
63 61 61 61 61 61 61 61 61 61 61 50 50 50 50 86 86 86 86 86 86 86 86 89 89 89 89 89 89 89 63 63
31 61 61 61 61 61 61 61 61 61 61 50 50 50 86 86 86 86 86 86 86 86 86 89 89 89 89 89 89 89 31 31
31 31 61 61 61 61 61 61 61 61 3 3 3 3 86 86 86 86 86 86 86 86 25 89 89 89 89 89 89 31 31 31
31 31 31 61 61 61 61 61 61 3 3 3 3 3 3 70 70 70 70 70 25 25 25 25 89 89 89 89 31 31 31 31
31 31 31 32 32 32 32 32 26 3 3 3 3 3 3 70 70 70 70 70 25 25 25 25 89 89 89 31 31 31 31 31
31 31 31 32 32 32 32 32 26 3 3 3 3 3 3 70 70 70 70 25 25 25 25 25 90 90 31 31 31 31 31 31
31 31 31 32 32 32 32 26 26 26 3 3 3 3 3 70 70 70 70 25 25 25 25 25 90 90 90 31 31 31 31 31
31 31 31 32 32 32 32 26 26 26 3 3 47 47 47 47 70 70 70 25 25 25 25 90 90 90 90 90 31 31 31 31
31 31 31 32 32 32 26 26 26 26 47 47 47 47 47 47 70 70 25 25 25 25 90 90 90 90 90 90 90 31 31 31
80 80 80 32 79 79 26 26 26 47 47 47 47 47 47 47 52 52 25 25 25 25 90 90 90 90 90 90 80 80 80 80
80 80 80 74 79 79 79 54 54 54 47 47 47 47 47 47 52 52 52 25 25 90 90 90 90 90 90 90 80 80 80 80
80 80 69 74 74 79 79 54 54 54 54 54 47 47 47 47 52 52 52 81 81 72 72 72 72 72 72 72 80 80 80 80
69 69 69 74 74 74 79 54 54 54 54 54 54 54 54 52 52 52 81 81 81 72 72 72 72 72 72 72 72 80 80 69
69 69 69 74 74 74 79 54 54 54 54 54 54 54 54 54 52 52 81 81 81 72 72 72 72 72 72 72 72 69 69 69
69 69 69 74 74 74 74 54 54 54 54 54 54 54 54 13 13 81 81 81 72 72 72 72 72 72 72 72 72 69 69 69
69 69 69 74 74 74 74 54 54 54 54 13 13 13 13 13 13 13 81 81 72 72 72 72 72 72 72 72 69 69 69 69
69 69 69 74 74 74 74 74 13 13 13 13 13 13 13 13 13 42 42 42 72 72 72 72 72 72 72 72 69 69 69 69
69 69 69 2 2 2 2 2 13 13 13 13 13 13 13 13 13 42 42 42 42 72 72 72 72 72 72 18 18 18 18 18
18 18 18 2 2 2 2 2 13 13 13 13 13 13 13 13 42 42 42 42 42 42 72 72 29 29 29 18 18 18 18 18
18 18 2 2 2 2 2 2 2 13 13 13 13 13 13 42 42 42 42 42 42 42 42 29 29 29 29 18 18 18 18 18
18 18 2 2 2 2 2 2 2 13 13 13 13 13 42 42 42 42 42 42 42 42 42 29 29 29 29 29 18 18 18 18
18 18 2 2 2 2 2 2 2 2 13 13 13 42 42 42 42 42 42 42 42 42 42 29 29 29 29 24 18 18 18 18
18 18 2 2 2 2 2 2 2 2 13 13 13 42 42 42 42 42 42 42 42 42 42 29 29 29 24 24 18 18 18 18
18 18 2 2 2 2 2 2 2 2 84 48 48 42 42 42 42 42 42 42 42 42 39 39 39 39 39 39 24 18 18 18
18 1 2 2 2 2 2 2 2 84 84 48 48 48 42 42 42 42 42 42 42 42 39 39 39 39 39 24 24 24 18 18
1 1 1 11 11 11 11 11 11 11 48 48 48 48 48 48 42 42 42 42 42 42 39 39 39 39 39 39 39 39 1 1
1 1 1 11 11 11 11 11 11 11 11 50 48 48 48 48 48 42 42 42 42 39 39 39 39 39 39 39 39 1 1 1
1 1 1 11 11 11 11 11 11 11 50 50 50 50 50 48 48 48 48 42 42 39 39 39 39 39 39 39 63 63 63 1
1 1 1 11 11 11 11 11 11 11 50 50 50 50 50 50 50 48 48 86 86 39 39 39 39 39 39 63 63 63 63 63
63 63 61 61 61 61 11 11 11 11 50 50 50 50 50 50 50 50 86 86 86 86 39 39 39 89 89 63 63 63 63 63
63 63 61 61 61 61 61 61 61 11 50 50 50 50 50 50 50 86 86 86 86 86 86 89 89 89 89 89 63 63 63 63
63 61 61 61 61 61 61 61 61 61 50 50 50 50 50 50 86 86 86 86 86 86 86 89 89 89 89 89 89 63 63 63
63 61 61 61 61 61 61 61 61 61 50 50 50 50 50 86 86 86 86 86 86 86 86 89 89 89 89 89 89 89 63 63
31 61 61 61 61 61 61 61 61 61 50 50 50 50 86 86 86 86 86 86 86 86 86 89 89 89 89 89 89 89 31 31
31 31 61 61 61 61 61 61 61 61 3 3 3 3 86 86 86 86 86 86 86 86 86 89 89 89 89 89 89 31 31 31
31 31 31 61 32 32 32 32 32 3 3 3 3 3 3 86 86 86 86 86 86 7 7 89 89 89 89 89 31 31 31 31
31 31 31 32 32 32 32 32 32 3 3 3 3 3 3 70 70 70 70 70 25 25 25 25 89 89 89 31 31 31 31 31
31 31 31 32 32 32 32 32 3 3 3 3 3 3 3 70 70 70 70 25 25 25 25 25 90 90 89 31 31 31 31 31
31 31 31 32 32 32 32 32 3 3 3 3 3 3 3 3 70 70 70 25 25 25 25 90 90 90 90 31 31 31 31 31
31 31 31 32 32 32 32 32 3 3 3 3 3 3 3 3 70 70 25 25 25 25 90 90 90 90 90 90 31 31 31 31
31 31 31 32 32 32 32 26 3 3 3 3 3 47 47 52 52 52 25 25 25 25 90 90 90 90 90 90 90 31 31 31
31 31 31 32 79 79 79 79 47 47 47 47 47 47 47 52 52 52 52 25 25 90 90 90 90 90 90 90 90 31 31 31
69 69 69 79 79 79 79 79 54 47 47 47 47 47 47 52 52 52 52 52 90 90 90 90 90 90 90 90 90 80 80 80
69 69 69 79 79 79 79 79 54 54 54 54 47 47 47 52 52 52 52 52 90 90 90 72 72 72 72 72 72 80 69 69
69 69 69 79 79 79 79 79 54 54 54 54 54 54 52 52 52 52 52 52 72 72 72 72 72 72 72 72 72 69 69 69
69 69 69 69 79 79 79 79 54 54 54 54 54 54 54 52 52 52 52 81 72 72 72 72 72 72 72 72 72 69 69 69
69 69 69 69 79 79 79 79 54 54 54 54 54 54 13 13 52 52 52 72 72 72 72 72 72 72 72 72 69 69 69 69
69 69 69 69 79 79 79 79 54 54 13 13 13 13 13 13 13 13 81 72 72 72 72 72 72 72 72 72 69 69 69 69
69 69 69 69 2 2 2 79 13 13 13 13 13 13 13 13 13 42 42 42 72 72 72 72 72 72 72 72 69 69 69 69
69 69 69 2 2 2 2 2 13 13 13 13 13 13 13 13 42 42 42 42 42 72 72 72 72 72 29 29 18 69 69 69
18 18 2 2 2 2 2 2 2 13 13 13 13 13 13 13 42 42 42 42 42 42 72 29 29 29 29 29 18 18 18 18
18 18 2 2 2 2 2 2 2 13 13 13 13 13 13 42 42 42 42 42 42 42 29 29 29 29 29 29 18 18 18 18
18 18 2 2 2 2 2 2 2 84 13 13 13 13 42 42 42 42 42 42 42 42 29 29 29 29 29 29 18 18 18 18
18 18 2 2 2 2 2 2 2 84 84 13 13 42 42 42 42 42 42 42 42 42 29 29 29 29 29 24 24 18 18 18
18 18 2 2 2 2 2 2 2 84 84 84 42 42 42 42 42 42 42 42 42 42 42 29 29 29 24 24 24 18 18 18
18 18 2 2 2 2 2 2 2 84 84 84 42 42 42 42 42 42 42 42 42 42 42 29 29 24 24 24 24 24 18 18
18 18 2 2 2 2 2 2 84 84 84 20 20 42 42 42 42 42 42 42 42 42 29 29 24 24 24 24 24 24 24 18
1 1 1 2 2 11 11 11 11 84 50 50 50 50 50 42 42 42 42 42 42 42 39 39 39 39 24 24 24 24 24 1
63 1 1 11 11 11 11 11 11 11 50 50 50 50 50 50 50 42 42 42 42 39 39 39 39 39 39 39 63 63 63 63
63 63 1 11 11 11 11 11 11 11 50 50 50 50 50 50 50 50 50 42 42 39 39 39 39 39 39 63 63 63 63 63
63 63 63 61 11 11 11 11 11 50 50 50 50 50 50 50 50 50 50 86 86 86 39 39 39 39 63 63 63 63 63 63
63 63 61 61 61 61 61 11 11 50 50 50 50 50 50 50 50 50 86 86 86 86 86 89 89 89 63 63 63 63 63 63
63 63 61 61 61 61 61 61 61 50 50 50 50 50 50 50 50 86 86 86 86 86 86 89 89 89 89 89 63 63 63 63
63 63 61 61 61 61 61 61 61 50 50 50 50 50 50 50 86 86 86 86 86 86 86 89 89 89 89 89 89 63 63 63
63 63 61 61 61 61 61 61 61 61 50 50 50 50 50 86 86 86 86 86 86 86 86 89 89 89 89 89 89 89 63 63
31 31 61 61 61 61 61 61 61 61 50 50 50 50 86 86 86 86 86 86 86 86 86 89 89 89 89 89 89 89 31 31
31 31 61 61 61 61 32 32 32 32 3 3 3 3 86 86 86 86 86 86 86 86 7 89 89 89 89 89 89 31 31 31
31 31 31 32 32 32 32 32 32 32 3 3 3 3 3 86 86 86 86 86 7 7 7 89 89 89 89 89 31 31 31 31
31 31 32 32 32 32 32 32 32 3 3 3 3 3 3 86 86 86 7 7 7 7 7 7 89 89 89 89 31 31 31 31
31 31 32 32 32 32 32 32 32 3 3 3 3 3 3 3 70 7 7 7 7 7 7 90 90 90 89 31 31 31 31 31
31 31 32 32 32 32 32 32 3 3 3 3 3 3 3 3 70 70 7 25 25 25 90 90 90 90 90 31 31 31 31 31
31 31 32 32 32 32 32 32 3 3 3 3 3 3 3 3 52 52 25 25 25 25 90 90 90 90 90 90 31 31 31 31
31 31 32 32 32 32 32 32 3 3 3 3 3 3 3 52 52 52 52 25 25 90 90 90 90 90 90 90 90 31 31 31
31 31 32 32 79 79 79 79 79 3 3 3 3 47 52 52 52 52 52 52 90 90 90 90 90 90 90 90 90 31 31 31
69 69 69 79 79 79 79 79 79 47 47 47 47 47 52 52 52 52 52 52 90 90 90 90 90 90 90 90 90 69 69 69
69 69 69 79 79 79 79 79 79 79 54 47 47 47 52 52 52 52 52 52 90 90 90 90 90 72 72 72 72 69 69 69
69 69 69 79 79 79 79 79 79 79 54 54 54 54 52 52 52 52 52 52 72 72 72 72 72 72 72 72 72 69 69 69
69 69 69 69 79 79 79 79 79 79 54 54 54 54 52 52 52 52 52 52 72 72 72 72 72 72 72 72 69 69 69 69
69 69 69 69 79 79 79 79 79 79 54 54 54 54 13 52 52 52 52 72 72 72 72 72 72 72 72 72 69 69 69 69
69 69 69 69 79 79 79 79 79 79 13 13 13 13 13 13 13 52 52 72 72 72 72 72 72 72 72 72 69 69 69 69
69 69 69 69 2 2 79 79 79 13 13 13 13 13 13 13 13 42 42 42 72 72 72 72 72 72 72 69 69 69 69 69
69 69 69 2 2 2 2 2 2 13 13 13 13 13 13 13 42 42 42 42 42 72 72 72 72 29 29 29 69 69 69 69
18 69 2 2 2 2 2 2 84 13 13 13 13 13 13 13 42 42 42 42 42 42 29 29 29 29 29 29 29 18 18 18
18 18 2 2 2 2 2 2 84 84 13 13 13 13 13 42 42 42 42 42 42 42 29 29 29 29 29 29 29 18 18 18
18 18 2 2 2 2 2 2 84 84 84 13 13 13 42 42 42 42 42 42 42 42 29 29 29 29 29 29 29 18 18 18
18 18 2 2 2 2 2 2 84 84 84 84 13 42 42 42 42 42 42 42 42 42 29 29 29 29 29 29 24 18 18 18
18 18 2 2 2 2 2 2 84 84 84 84 42 42 42 42 42 42 42 42 42 42 29 29 29 29 24 24 24 24 18 18
18 18 2 2 2 2 2 2 84 84 84 84 20 42 42 42 42 42 42 42 42 42 29 29 29 24 24 24 24 24 18 18
18 27 2 2 2 2 84 84 84 84 84 20 20 20 20 42 42 42 42 42 42 42 29 29 24 24 24 24 24 24 24 24
63 63 2 2 2 2 84 84 84 84 50 50 50 50 50 50 42 42 42 42 42 42 29 24 24 24 24 24 24 24 24 63
63 63 63 11 11 11 11 11 11 50 50 50 50 50 50 50 50 50 42 42 42 42 39 39 39 24 24 24 63 63 63 63
63 63 63 11 11 11 11 11 11 50 50 50 50 50 50 50 50 50 50 50 86 39 39 39 39 39 63 63 63 63 63 63
63 63 63 61 61 61 11 11 11 50 50 50 50 50 50 50 50 50 50 86 86 86 39 39 89 63 63 63 63 63 63 63
63 63 63 61 61 61 61 61 50 50 50 50 50 50 50 50 50 50 86 86 86 86 86 89 89 89 63 63 63 63 63 63
63 63 61 61 61 61 61 61 61 50 50 50 50 50 50 50 50 86 86 86 86 86 86 89 89 89 89 63 63 63 63 63
63 63 61 61 61 61 61 61 61 50 50 50 50 50 50 50 86 86 86 86 86 86 86 89 89 89 89 89 63 63 63 63
63 63 61 61 61 61 61 61 61 50 50 50 50 50 50 86 86 86 86 86 86 86 86 89 89 89 89 89 89 89 63 63
31 31 61 61 61 61 61 61 32 32 50 50 50 50 50 86 86 86 86 86 86 86 86 89 89 89 89 89 89 89 31 31
31 31 32 32 32 32 32 32 32 32 3 3 50 50 86 86 86 86 86 86 86 7 7 89 89 89 89 89 89 31 31 31
31 31 32 32 32 32 32 32 32 32 3 3 3 3 86 86 86 86 86 7 7 7 7 7 89 89 89 89 89 31 31 31
31 31 32 32 32 32 32 32 32 32 3 3 3 3 3 86 86 7 7 7 7 7 7 7 89 89 89 89 31 31 31 31
31 31 32 32 32 32 32 32 32 3 3 3 3 3 3 3 7 7 7 7 7 7 7 90 90 90 89 31 31 31 31 31
31 31 32 32 32 32 32 32 32 3 3 3 3 3 3 3 52 7 7 7 7 7 90 90 90 90 90 31 31 31 31 31
31 31 32 32 32 32 32 32 3 3 3 3 3 3 3 52 52 52 7 7 7 90 90 90 90 90 90 90 31 31 31 31
31 31 32 32 32 32 32 32 3 3 3 3 3 3 52 52 52 52 52 52 90 90 90 90 90 90 90 90 31 31 31 31
31 31 32 32 79 79 79 79 79 3 3 3 3 3 52 52 52 52 52 52 90 90 90 90 90 90 90 90 90 31 31 31
69 69 79 79 79 79 79 79 79 79 3 3 3 52 52 52 52 52 52 52 90 90 90 90 90 90 90 90 90 69 69 69
69 69 69 79 79 79 79 79 79 79 79 47 47 52 52 52 52 52 52 52 52 90 90 90 90 90 90 72 72 69 69 69
69 69 69 79 79 79 79 79 79 79 79 54 54 52 52 52 52 52 52 52 52 72 72 72 72 72 72 72 69 69 69 69
69 69 69 79 79 79 79 79 79 79 79 54 54 52 52 52 52 52 52 52 72 72 72 72 72 72 72 72 69 69 69 69
69 69 69 69 79 79 79 79 79 79 79 54 54 54 52 52 52 52 52 52 72 72 72 72 72 72 72 72 69 69 69 69
69 69 69 69 79 79 79 79 79 79 79 13 13 13 13 13 52 52 52 72 72 72 72 72 72 72 72 69 69 69 69 69
69 69 69 69 79 79 79 79 79 79 13 13 13 13 13 13 13 42 42 72 72 72 72 72 72 72 72 69 69 69 69 69
69 69 69 2 2 2 2 84 84 84 13 13 13 13 13 13 42 42 42 42 42 72 72 72 29 29 29 29 69 69 69 69
69 69 27 2 2 2 2 84 84 84 84 13 13 13 13 42 42 42 42 42 42 42 29 29 29 29 29 29 29 18 18 69
18 27 27 2 2 2 2 84 84 84 84 13 13 13 13 42 42 42 42 42 42 42 29 29 29 29 29 29 29 18 18 18
18 27 27 2 2 2 2 84 84 84 84 84 13 13 42 42 42 42 42 42 42 42 29 29 29 29 29 29 29 24 18 18
18 27 27 2 2 2 2 84 84 84 84 84 84 42 42 42 42 42 42 42 42 42 29 29 29 29 29 29 24 24 18 18
18 27 27 2 2 2 2 84 84 84 84 84 20 20 42 42 42 42 42 42 42 42 29 29 29 29 29 24 24 24 24 18
18 27 2 2 2 2 84 84 84 84 84 84 20 20 42 42 42 42 42 42 42 42 29 29 29 24 24 24 24 24 24 18
14 27 27 27 2 84 84 84 84 84 20 20 20 20 20 20 20 42 42 42 42 42 29 29 24 24 24 24 24 24 24 14
14 14 14 27 2 84 84 84 84 84 20 20 20 20 20 20 20 42 42 42 42 42 29 24 24 24 24 24 24 24 24 14
63 63 63 63 11 11 84 84 84 50 50 50 50 50 50 50 50 50 50 42 42 42 24 24 24 24 24 24 63 63 63 63
63 63 63 63 11 11 11 11 50 50 50 50 50 50 50 50 50 50 50 50 86 86 39 39 24 63 63 63 63 63 63 63
63 63 63 61 61 61 61 11 50 50 50 50 50 50 50 50 50 50 50 86 86 86 86 89 89 63 63 63 63 63 63 63
63 63 63 61 61 61 61 61 50 50 50 50 50 50 50 50 50 50 86 86 86 86 86 89 89 89 63 63 63 63 63 63
63 63 63 61 61 61 61 61 50 50 50 50 50 50 50 50 50 86 86 86 86 86 86 89 89 89 89 63 63 63 63 63
63 63 63 61 61 61 61 61 61 50 50 50 50 50 50 50 86 86 86 86 86 86 86 89 89 89 89 89 63 63 63 63
63 63 61 61 61 61 61 61 61 50 50 50 50 50 50 50 86 86 86 86 86 86 86 89 89 89 89 89 89 63 63 63
31 31 32 32 32 32 32 32 32 32 50 50 50 50 50 86 86 86 86 86 86 86 86 89 89 89 89 89 89 89 31 31
31 31 32 32 32 32 32 32 32 32 32 50 50 50 86 86 86 86 86 86 86 7 7 89 89 89 89 89 89 89 31 31
31 31 32 32 32 32 32 32 32 32 68 68 3 3 86 86 86 86 86 7 7 7 7 7 89 89 89 89 89 31 31 31
31 31 32 32 32 32 32 32 32 32 68 3 3 3 3 86 86 7 7 7 7 7 7 7 89 89 89 89 31 31 31 31
31 31 32 32 32 32 32 32 32 32 68 3 3 3 3 3 7 7 7 7 7 7 7 7 90 89 89 31 31 31 31 31
31 31 32 32 32 32 32 32 32 68 68 3 3 3 3 52 52 7 7 7 7 7 7 90 90 90 90 31 31 31 31 31
31 31 32 32 32 32 32 32 32 68 68 3 3 3 3 52 52 52 7 7 7 7 90 90 90 90 90 90 31 31 31 31
31 31 32 32 32 32 32 32 68 68 3 3 3 3 52 52 52 52 52 52 7 90 90 90 90 90 90 90 31 31 31 31
97 97 97 32 79 79 79 79 79 79 3 3 3 52 52 52 52 52 52 52 90 90 90 90 90 90 90 90 90 31 31 31
69 97 97 79 79 79 79 79 79 79 79 3 52 52 52 52 52 52 52 52 52 90 90 90 90 90 90 90 90 69 69 69
69 69 69 79 79 79 79 79 79 79 79 79 52 52 52 52 52 52 52 52 52 90 90 90 90 90 90 90 69 69 69 69
69 69 69 79 79 79 79 79 79 79 79 79 52 52 52 52 52 52 52 52 52 90 72 72 72 72 72 72 69 69 69 69
69 69 69 79 79 79 79 79 79 79 79 79 79 52 52 52 52 52 52 52 52 72 72 72 72 72 72 72 69 69 69 69
69 69 69 79 79 79 79 79 79 79 79 79 79 52 52 52 52 52 52 52 72 72 72 72 72 72 72 69 69 69 69 69
69 69 69 69 79 79 79 79 79 79 79 79 13 13 13 52 52 52 52 52 72 72 72 72 72 72 72 69 69 69 69 69
69 69 69 69 79 79 79 79 79 79 79 13 13 13 13 13 52 52 52 72 72 72 72 72 72 72 29 69 69 69 69 69
69 69 69 27 2 2 84 84 84 84 84 44 13 13 13 13 42 42 42 42 72 72 72 29 29 29 29 29 69 69 69 69
69 27 27 27 2 2 84 84 84 84 84 44 44 13 13 42 42 42 42 42 42 29 29 29 29 29 29 29 29 29 69 69
27 27 27 27 2 2 84 84 84 84 84 84 44 44 44 42 42 42 42 42 42 29 29 29 29 29 29 29 29 29 18 18
27 27 27 27 2 2 84 84 84 84 84 84 44 44 42 42 42 42 42 42 42 29 29 29 29 29 29 29 29 24 18 18
27 27 27 27 2 84 84 84 84 84 84 84 20 20 20 42 42 42 42 42 42 29 29 29 29 29 29 29 24 24 24 18
27 27 27 27 2 84 84 84 84 84 84 84 20 20 20 42 42 42 42 42 42 29 29 29 29 29 29 24 24 24 24 18
27 27 27 27 2 84 84 84 84 84 84 20 20 20 20 20 42 42 42 42 42 29 29 29 29 29 24 24 24 24 24 24
14 14 27 27 84 84 84 84 84 84 20 20 20 20 20 20 20 20 42 42 42 29 29 29 29 24 24 24 24 24 14 14
14 14 14 27 84 84 84 84 84 20 20 20 20 20 20 20 20 20 30 30 42 29 29 29 24 24 24 24 24 77 14 14
77 77 77 77 84 84 84 84 20 20 20 20 20 20 20 20 20 30 30 30 30 29 24 24 24 24 24 77 77 77 77 77
63 77 77 77 61 61 11 50 50 50 50 50 50 50 50 50 50 50 50 30 86 86 24 24 24 63 63 63 63 63 63 63
63 63 63 63 61 61 61 50 50 50 50 50 50 50 50 50 50 50 50 86 86 86 86 89 89 63 63 63 63 63 63 63
63 63 63 63 61 61 61 37 50 50 50 50 50 50 50 50 50 50 86 86 86 86 86 89 89 89 63 63 63 63 63 63
63 63 63 61 61 61 61 37 50 50 50 50 50 50 50 50 50 86 86 86 86 86 86 89 89 89 89 63 63 63 63 63
63 63 63 61 61 61 37 37 37 50 50 50 50 50 50 50 50 86 86 86 86 86 86 89 89 89 89 89 63 63 63 63
63 63 63 32 32 32 32 37 37 50 50 50 50 50 50 50 86 86 86 86 86 86 86 89 89 89 89 89 89 63 63 63
63 63 32 32 32 32 32 32 32 37 50 50 50 50 50 86 86 86 86 86 86 86 7 89 89 89 89 89 89 89 63 63
31 31 32 32 32 32 32 32 32 32 68 68 50 50 86 86 86 86 86 86 7 7 7 7 89 89 89 89 89 89 31 31
31 31 32 32 32 32 32 32 32 32 68 68 68 68 68 86 86 86 7 7 7 7 7 7 89 89 89 89 89 31 31 31
31 31 32 32 32 32 32 32 32 32 68 68 68 68 68 86 7 7 7 7 7 7 7 7 89 89 89 89 31 31 31 31
31 31 32 32 32 32 32 32 32 68 68 68 68 68 68 68 7 7 7 7 7 7 7 7 90 89 89 31 31 31 31 31
31 32 32 32 32 32 32 32 32 68 68 68 68 68 68 52 52 7 7 7 7 7 7 90 90 90 90 31 31 31 31 31
31 97 32 32 32 32 32 32 68 68 68 68 68 68 68 52 52 52 7 7 7 7 90 90 90 90 90 90 31 31 31 31
97 97 97 32 32 32 32 32 68 68 68 68 68 68 52 52 52 52 52 52 7 90 90 90 90 90 90 90 31 31 31 97
97 97 97 97 79 79 79 79 79 68 68 68 68 68 52 52 52 52 52 52 52 90 90 90 90 90 90 90 90 31 97 97
97 97 97 97 79 79 79 79 79 79 68 68 68 52 52 52 52 52 52 52 52 90 90 90 90 90 90 90 90 69 97 97
97 97 97 79 79 79 79 79 79 79 79 79 52 52 52 52 52 52 52 52 52 90 90 90 90 90 90 90 69 69 69 69
69 69 69 79 79 79 79 79 79 79 79 79 52 52 52 52 52 52 52 52 52 90 90 90 72 72 72 72 69 69 69 69
69 69 69 79 79 79 79 79 79 79 79 79 79 52 52 52 52 52 52 52 52 72 72 72 72 72 72 69 69 69 69 69
69 69 69 79 79 79 79 79 79 79 79 79 79 52 52 52 52 52 52 52 52 72 72 72 72 72 72 69 69 69 69 69
69 69 69 69 79 79 79 79 79 79 79 79 44 44 44 52 52 52 52 52 72 72 72 72 72 72 72 69 69 69 69 69
69 69 69 69 79 79 79 79 79 79 44 44 44 44 44 44 52 52 52 52 72 72 72 72 72 29 29 69 69 69 69 69
69 69 27 27 27 84 84 84 84 84 44 44 44 44 44 44 44 42 42 42 72 72 29 29 29 29 29 29 69 69 69 69
27 27 27 27 27 84 84 84 84 84 44 44 44 44 44 44 44 42 42 42 42 29 29 29 29 29 29 29 29 29 69 69
27 27 27 27 27 84 84 84 84 84 84 44 44 44 44 44 42 42 42 42 42 29 29 29 29 29 29 29 29 29 27 27
27 27 27 27 27 84 84 84 84 84 84 44 44 44 44 10 42 42 42 42 42 29 29 29 29 29 29 29 29 24 24 27
27 27 27 27 27 84 84 84 84 84 84 84 20 20 20 20 42 42 42 42 42 29 29 29 29 29 29 29 24 24 24 27
27 27 27 27 27 84 84 84 84 84 84 20 20 20 20 20 20 42 42 42 42 29 29 29 29 29 29 24 24 24 24 14
14 27 27 27 27 84 84 84 84 84 20 20 20 20 20 20 20 20 42 42 42 29 29 29 29 29 24 24 24 24 14 14
