**
1	0	0	0
2	0	0	0.1381
3	0	0.1381	0
4	0	0	-0.1381
5	-0.1381	0	0
6	0.1381	0	0
7	0	-0.1381	0
8	-0.0572	0.1381	0.1381
9	0.0572	0.1381	0.1381
10	-0.1381	0.0572	0.1381
11	0.1381	0.0572	0.1381
12	-0.1381	0.1381	0.0572
13	-0.1381	-0.0572	0.1381
14	0.1381	0.1381	0.0572
15	0.1381	-0.0572	0.1381
16	-0.1381	0.0572	-0.1381
17	-0.0572	0.1381	-0.1381
18	-0.0572	-0.1381	0.1381
19	0.0572	-0.1381	0.1381
20	-0.1381	-0.0572	-0.1381
21	0.0572	0.1381	-0.1381
22	-0.0572	-0.1381	-0.1381
23	-0.1381	0.1381	-0.0572
24	-0.1381	-0.1381	0.0572
25	0.1381	0.0572	-0.1381
26	0.1381	0.1381	-0.0572
27	0.1381	-0.1381	0.0572
28	0.0572	-0.1381	-0.1381
29	0.1381	-0.0572	-0.1381
30	-0.1381	-0.1381	-0.0572
31	0.1381	-0.1381	-0.0572
32	0	0	0.2761
33	0	0	-0.2761
34	0	0.2761	0
35	-0.2761	0	0
36	0.2761	0	0
37	0	-0.2761	0
38	-0.0572	0.1381	0.2761
39	0.0572	0.1381	0.2761
40	-0.1381	0.0572	0.2761
41	0.1381	0.0572	0.2761
42	-0.1381	0.0572	-0.2761
43	-0.0572	0.1381	-0.2761
44	-0.1381	-0.0572	0.2761
45	-0.0572	0.2761	0.1381
46	-0.1381	-0.0572	-0.2761
47	0.0572	0.2761	0.1381
48	0.1381	-0.0572	0.2761
49	0.0572	0.1381	-0.2761
50	-0.0572	-0.1381	0.2761
51	0.0572	-0.1381	0.2761
52	-0.0572	-0.1381	-0.2761
53	0.1381	0.0572	-0.2761
54	-0.1381	0.2761	0.0572
55	-0.2761	0.0572	0.1381
56	0.0572	-0.1381	-0.2761
57	0.1381	0.2761	0.0572
58	0.1381	-0.0572	-0.2761
59	-0.2761	0.0572	-0.1381
60	0.2761	0.0572	0.1381
61	-0.2761	0.1381	0.0572
62	-0.2761	-0.0572	0.1381
63	-0.0572	0.2761	-0.1381
64	-0.2761	-0.0572	-0.1381
65	0.2761	0.1381	0.0572
66	0.2761	-0.0572	0.1381
67	0.0572	0.2761	-0.1381
68	0.0572	-0.2761	0.1381
69	-0.1381	0.2761	-0.0572
70	0.1381	-0.2761	0.0572
71	-0.2761	0.1381	-0.0572
72	0.1381	0.2761	-0.0572
73	-0.0572	-0.2761	0.1381
74	-0.2761	-0.1381	0.0572
75	-0.2761	-0.1381	-0.0572
76	-0.0572	-0.2761	-0.1381
77	0.2761	0.1381	-0.0572
78	0.1381	-0.2761	-0.0572
79	0.2761	-0.1381	0.0572
80	0.2761	-0.0572	-0.1381
81	0.2761	0.0572	-0.1381
82	-0.1381	-0.2761	0.0572
83	0.0572	-0.2761	-0.1381
84	0.2761	-0.1381	-0.0572
85	-0.1381	-0.2761	-0.0572
86	0	0.2761	0.2761
87	-0.1953	0.1953	0.2761
88	0.1953	0.1953	0.2761
89	-0.1953	0.1953	-0.2761
90	-0.1953	0.2761	0.1953
91	-0.2761	0	-0.2761
92	0.1953	0.2761	0.1953
93	-0.2761	0.1953	0.1953
94	-0.2761	0	0.2761
95	0	0.2761	-0.2761
96	-0.2761	0.1953	-0.1953
97	0.2761	0.1953	0.1953
98	0.2761	0	0.2761
99	-0.1953	0.2761	-0.1953
100	-0.1953	-0.1953	-0.2761
101	0.1953	-0.2761	0.1953
102	-0.1953	-0.1953	0.2761
103	0.1953	0.1953	-0.2761
104	0.1953	-0.1953	0.2761
105	-0.2761	-0.1953	-0.1953
106	0	-0.2761	0.2761
107	0	-0.2761	-0.2761
108	-0.2761	0.2761	0
109	0.2761	-0.1953	-0.1953
110	-0.2761	-0.1953	0.1953
111	0.2761	0	-0.2761
112	0.2761	-0.1953	0.1953
113	0.1953	0.2761	-0.1953
114	-0.1953	-0.2761	-0.1953
115	0.2761	-0.2761	0
116	0.1953	-0.1953	-0.2761
117	0.2761	0.2761	0
118	-0.1953	-0.2761	0.1953
119	0.2761	0.1953	-0.1953
120	0.1953	-0.2761	-0.1953
121	-0.2761	-0.2761	0
122	-0.1144	0.2761	0.2761
123	0.1144	0.2761	0.2761
124	-0.2761	0.1144	-0.2761
125	-0.2761	0.1144	0.2761
126	-0.1144	0.2761	-0.2761
127	0.2761	0.1144	0.2761
128	-0.2761	-0.1144	-0.2761
129	0.1144	0.2761	-0.2761
130	-0.2761	0.2761	0.1144
131	-0.2761	-0.1144	0.2761
132	0.1144	-0.2761	0.2761
133	0.2761	0.2761	0.1144
134	0.2761	-0.1144	0.2761
135	0.2761	-0.2761	0.1144
136	-0.1144	-0.2761	-0.2761
137	-0.2761	0.2761	-0.1144
138	-0.1144	-0.2761	0.2761
139	0.2761	-0.1144	-0.2761
140	0.2761	0.1144	-0.2761
141	-0.2761	-0.2761	-0.1144
142	0.1144	-0.2761	-0.2761
143	0.2761	-0.2761	-0.1144
144	-0.2761	-0.2761	0.1144
145	0.2761	0.2761	-0.1144
146	0	0	-0.4142
147	0	-0.4142	0
148	-0.4142	0	0
149	-0.1381	0.0572	-0.4142
150	-0.0572	0.1381	-0.4142
151	-0.1381	-0.0572	-0.4142
152	0.0572	0.1381	-0.4142
153	-0.1381	-0.0572	0.4142
154	0.1381	-0.0572	0.4142
155	-0.0572	-0.1381	0.4142
156	0.0572	-0.1381	0.4142
157	-0.0572	0.4142	0.1381
158	0.0572	0.4142	0.1381
159	-0.1381	0.4142	0.0572
160	0.1381	-0.4142	-0.0572
161	-0.4142	0.0572	-0.1381
162	-0.4142	0.0572	0.1381
163	-0.4142	-0.0572	-0.1381
164	-0.1381	-0.4142	-0.0572
165	-0.4142	0.1381	0.0572
166	-0.4142	-0.0572	0.1381
167	-0.1381	-0.4142	0.0572
168	-0.0572	-0.4142	-0.1381
169	0.0572	-0.4142	-0.1381
170	-0.4142	0.1381	-0.0572
171	-0.4142	-0.1381	0.0572
172	-0.4142	-0.1381	-0.0572
173	-0.1953	0.1953	-0.4142
174	-0.2761	0	-0.4142
175	0	0.2761	-0.4142
176	0	0.4142	0.2761
177	-0.2761	0	0.4142
178	0.1953	0.1953	-0.4142
179	-0.1953	0.4142	0.1953
180	-0.4142	0	-0.2761
181	0.1953	0.4142	0.1953
182	-0.1953	-0.1953	0.4142
183	-0.1953	-0.4142	-0.1953
184	0.1953	-0.1953	0.4142
185	-0.4142	0.1953	-0.1953
186	-0.4142	0.1953	0.1953
187	-0.4142	0	0.2761
188	0	-0.2761	0.4142
189	-0.2761	-0.4142	0
190	-0.4142	-0.1953	0.1953
191	-0.4142	-0.1953	-0.1953
192	-0.4142	-0.2761	0
193	-0.2761	0.4142	0
194	0.1953	-0.4142	-0.1953
195	0	-0.4142	-0.2761
196	-0.4142	0.2761	0
197	-0.2761	0.1144	-0.4142
198	-0.1144	0.2761	-0.4142
199	-0.2761	-0.1144	-0.4142
200	-0.1144	0.4142	0.2761
201	0.1144	0.4142	0.2761
202	0.1144	0.2761	-0.4142
203	-0.4142	0.1144	-0.2761
204	-0.2761	-0.1144	0.4142
205	-0.2761	-0.4142	-0.1144
206	-0.4142	0.1144	0.2761
207	0.2761	-0.1144	0.4142
208	-0.4142	-0.1144	-0.2761
209	0.1144	-0.2761	0.4142
210	-0.2761	0.4142	0.1144
211	-0.1144	-0.2761	0.4142
212	-0.4142	-0.1144	0.2761
213	-0.4142	-0.2761	-0.1144
214	-0.1144	-0.4142	-0.2761
215	0.2761	-0.4142	-0.1144
216	-0.4142	0.2761	0.1144
217	-0.4142	0.2761	-0.1144
218	-0.2761	-0.4142	0.1144
219	-0.4142	-0.2761	0.1144
220	0.1144	-0.4142	-0.2761
221	-0.3333	0.3333	-0.3333
222	-0.3333	0.3333	0.3333
223	-0.3333	-0.3333	-0.3333
224	-0.3333	-0.3333	0.3333
225	-0.3333	0.2525	-0.4142
226	-0.2525	0.3333	-0.4142
227	-0.4142	0.0572	-0.4142
228	-0.4142	-0.0572	-0.4142
229	-0.3333	-0.4142	-0.2525
230	-0.2525	0.4142	0.3333
231	-0.4142	0.2525	-0.3333
232	-0.2525	-0.4142	-0.3333
233	-0.4142	-0.4142	-0.0572
234	-0.4142	-0.3333	-0.2525
235	-0.4142	0.2525	0.3333
236	-0.4142	0.0572	0.4142
237	-0.3333	0.4142	0.2525
238	-0.4142	0.3333	0.2525
239	-0.4142	0.3333	-0.2525
240	-0.4142	-0.0572	0.4142
241	-0.4142	-0.4142	0.0572
242	-0.4142	-0.2525	0.3333
243	-0.4142	-0.2525	-0.3333
244	-0.4142	-0.3333	0.2525
245	-0.3333	-0.2525	0.4142
246	-0.2525	-0.3333	0.4142
247	-0.4142	0.4142	0.0572
248	-0.4142	0.4142	-0.0572
249	-0.4142	0.1716	-0.4142
250	-0.4142	-0.4142	-0.1716
251	-0.4142	-0.1716	-0.4142
252	-0.4142	-0.1716	0.4142
253	-0.4142	0.4142	0.1716
254	-0.4142	-0.4142	0.1716
255	-0.4142	0.1716	0.4142
256	-0.4142	0.4142	-0.1716
257	-0.3333	-0.4142	0.2525
258	-0.3333	-0.2525	-0.4142
259	-0.3333	0.2525	0.4142
260	-0.3333	0.4142	-0.2525
261	-0.2761	0.1144	0.4142
262	-0.2761	0.4142	-0.1144
263	-0.2525	-0.4142	0.3333
264	-0.2525	-0.3333	-0.4142
265	-0.2525	0.3333	0.4142
266	-0.2525	0.4142	-0.3333
267	-0.1953	-0.4142	0.1953
268	-0.1953	-0.1953	-0.4142
269	-0.1953	0.1953	0.4142
270	-0.1953	0.4142	-0.1953
271	-0.1716	-0.4142	-0.4142
272	-0.1716	-0.4142	0.4142
273	-0.1716	0.4142	-0.4142
274	-0.1716	0.4142	0.4142
275	-0.1381	0.0572	0.4142
276	-0.1381	0.4142	-0.0572
277	-0.1144	-0.4142	0.2761
278	-0.1144	-0.2761	-0.4142
279	-0.1144	0.2761	0.4142
280	-0.1144	0.4142	-0.2761
281	-0.0572	-0.4142	-0.4142
282	-0.0572	-0.4142	0.1381
283	-0.0572	-0.4142	0.4142
284	-0.0572	-0.1381	-0.4142
285	-0.0572	0.1381	0.4142
286	-0.0572	0.4142	-0.4142
287	-0.0572	0.4142	-0.1381
288	-0.0572	0.4142	0.4142
289	0	-0.4142	0.2761
290	0	-0.2761	-0.4142
291	0	0	0.4142
292	0	0.2761	0.4142
293	0	0.4142	-0.2761
294	0	0.4142	0
295	0.0572	-0.4142	-0.4142
296	0.0572	-0.4142	0.1381
297	0.0572	-0.4142	0.4142
298	0.0572	-0.1381	-0.4142
299	0.0572	0.1381	0.4142
300	0.0572	0.4142	-0.4142
301	0.0572	0.4142	-0.1381
302	0.0572	0.4142	0.4142
303	0.1144	-0.4142	0.2761
304	0.1144	-0.2761	-0.4142
305	0.1144	0.2761	0.4142
306	0.1144	0.4142	-0.2761
307	0.1381	-0.4142	0.0572
308	0.1381	-0.0572	-0.4142
309	0.1381	0.0572	-0.4142
310	0.1381	0.0572	0.4142
311	0.1381	0.4142	-0.0572
312	0.1381	0.4142	0.0572
313	0.1716	-0.4142	-0.4142
314	0.1716	-0.4142	0.4142
315	0.1716	0.4142	-0.4142
316	0.1716	0.4142	0.4142
317	0.1953	-0.4142	0.1953
318	0.1953	-0.1953	-0.4142
319	0.1953	0.1953	0.4142
320	0.1953	0.4142	-0.1953
321	0.2525	-0.4142	-0.3333
322	0.2525	-0.4142	0.3333
323	0.2525	-0.3333	-0.4142
324	0.2525	-0.3333	0.4142
325	0.2525	0.3333	-0.4142
326	0.2525	0.3333	0.4142
327	0.2525	0.4142	-0.3333
328	0.2525	0.4142	0.3333
329	0.2761	-0.4142	0
330	0.2761	-0.4142	0.1144
331	0.2761	-0.1144	-0.4142
332	0.2761	0	-0.4142
333	0.2761	0	0.4142
334	0.2761	0.1144	-0.4142
335	0.2761	0.1144	0.4142
336	0.2761	0.4142	-0.1144
337	0.2761	0.4142	0
338	0.2761	0.4142	0.1144
339	0.3333	-0.4142	-0.2525
340	0.3333	-0.4142	0.2525
341	0.3333	-0.3333	-0.3333
342	0.3333	-0.3333	0.3333
343	0.3333	-0.2525	-0.4142
344	0.3333	-0.2525	0.4142
345	0.3333	0.2525	-0.4142
346	0.3333	0.2525	0.4142
347	0.3333	0.3333	-0.3333
348	0.3333	0.3333	0.3333
349	0.3333	0.4142	-0.2525
350	0.3333	0.4142	0.2525
351	0.4142	-0.4142	-0.1716
352	0.4142	-0.4142	-0.0572
353	0.4142	-0.4142	0.0572
354	0.4142	-0.4142	0.1716
355	0.4142	-0.3333	-0.2525
356	0.4142	-0.3333	0.2525
357	0.4142	-0.2761	-0.1144
358	0.4142	-0.2761	0
359	0.4142	-0.2761	0.1144
360	0.4142	-0.2525	-0.3333
361	0.4142	-0.2525	0.3333
362	0.4142	-0.1953	-0.1953
363	0.4142	-0.1953	0.1953
364	0.4142	-0.1716	-0.4142
365	0.4142	-0.1716	0.4142
366	0.4142	-0.1381	-0.0572
367	0.4142	-0.1381	0.0572
368	0.4142	-0.1144	-0.2761
369	0.4142	-0.1144	0.2761
370	0.4142	-0.0572	-0.4142
371	0.4142	-0.0572	-0.1381
372	0.4142	-0.0572	0.1381
373	0.4142	-0.0572	0.4142
374	0.4142	0	-0.2761
375	0.4142	0	0
376	0.4142	0	0.2761
377	0.4142	0.0572	-0.4142
378	0.4142	0.0572	-0.1381
379	0.4142	0.0572	0.1381
380	0.4142	0.0572	0.4142
381	0.4142	0.1144	-0.2761
382	0.4142	0.1144	0.2761
383	0.4142	0.1381	-0.0572
384	0.4142	0.1381	0.0572
385	0.4142	0.1716	-0.4142
386	0.4142	0.1716	0.4142
387	0.4142	0.1953	-0.1953
388	0.4142	0.1953	0.1953
389	0.4142	0.2525	-0.3333
390	0.4142	0.2525	0.3333
391	0.4142	0.2761	-0.1144
392	0.4142	0.2761	0
393	0.4142	0.2761	0.1144
394	0.4142	0.3333	-0.2525
395	0.4142	0.3333	0.2525
396	0.4142	0.4142	-0.1716
397	0.4142	0.4142	-0.0572
398	0.4142	0.4142	0.0572
399	0.4142	0.4142	0.1716
400	0.4142	0.2525	0.3333