0	0	0	
0	0	0.103600000000000	
0	0.103600000000000	0	
-0.103600000000000	0	0	
0.103600000000000	0	0	
0	0	-0.103600000000000	
0	-0.103600000000000	0	
-0.0429000000000000	0.103600000000000	0.103600000000000	
0.0429000000000000	0.103600000000000	0.103600000000000	
-0.103600000000000	0.0429000000000000	0.103600000000000	
0.103600000000000	0.0429000000000000	0.103600000000000	
-0.103600000000000	0.103600000000000	0.0429000000000000	
-0.103600000000000	-0.0429000000000000	0.103600000000000	
0.103600000000000	0.103600000000000	0.0429000000000000	
0.103600000000000	-0.0429000000000000	0.103600000000000	
-0.0429000000000000	-0.103600000000000	0.103600000000000	
0.0429000000000000	-0.103600000000000	0.103600000000000	
-0.103600000000000	0.0429000000000000	-0.103600000000000	
-0.0429000000000000	0.103600000000000	-0.103600000000000	
-0.103600000000000	-0.0429000000000000	-0.103600000000000	
-0.103600000000000	0.103600000000000	-0.0429000000000000	
-0.103600000000000	-0.103600000000000	0.0429000000000000	
0.0429000000000000	0.103600000000000	-0.103600000000000	
0.103600000000000	0.103600000000000	-0.0429000000000000	
0.103600000000000	-0.103600000000000	0.0429000000000000	
-0.0429000000000000	-0.103600000000000	-0.103600000000000	
0.103600000000000	0.0429000000000000	-0.103600000000000	
0.0429000000000000	-0.103600000000000	-0.103600000000000	
0.103600000000000	-0.0429000000000000	-0.103600000000000	
-0.103600000000000	-0.103600000000000	-0.0429000000000000	
0.103600000000000	-0.103600000000000	-0.0429000000000000	
0	0	0.207100000000000	
0	0	-0.207100000000000	
0	0.207100000000000	0	
-0.207100000000000	0	0	
0.207100000000000	0	0	
0	-0.207100000000000	0	
-0.0429000000000000	0.103600000000000	0.207100000000000	
0.0429000000000000	0.103600000000000	0.207100000000000	
-0.103600000000000	0.0429000000000000	0.207100000000000	
0.103600000000000	0.0429000000000000	0.207100000000000	
-0.103600000000000	-0.0429000000000000	0.207100000000000	
-0.0429000000000000	0.207100000000000	0.103600000000000	
0.0429000000000000	0.207100000000000	0.103600000000000	
0.103600000000000	-0.0429000000000000	0.207100000000000	
-0.103600000000000	0.0429000000000000	-0.207100000000000	
-0.0429000000000000	0.103600000000000	-0.207100000000000	
-0.0429000000000000	-0.103600000000000	0.207100000000000	
0.0429000000000000	-0.103600000000000	0.207100000000000	
-0.103600000000000	-0.0429000000000000	-0.207100000000000	
0.0429000000000000	0.103600000000000	-0.207100000000000	
-0.103600000000000	0.207100000000000	0.0429000000000000	
-0.207100000000000	0.0429000000000000	0.103600000000000	
0.103600000000000	0.207100000000000	0.0429000000000000	
-0.0429000000000000	-0.103600000000000	-0.207100000000000	
0.207100000000000	0.0429000000000000	0.103600000000000	
0.103600000000000	0.0429000000000000	-0.207100000000000	
-0.207100000000000	0.103600000000000	0.0429000000000000	
-0.207100000000000	-0.0429000000000000	0.103600000000000	
0.0429000000000000	-0.103600000000000	-0.207100000000000	
0.103600000000000	-0.0429000000000000	-0.207100000000000	
-0.207100000000000	0.0429000000000000	-0.103600000000000	
0.207100000000000	0.103600000000000	0.0429000000000000	
0.207100000000000	-0.0429000000000000	0.103600000000000	
-0.0429000000000000	0.207100000000000	-0.103600000000000	
-0.103600000000000	0.207100000000000	-0.0429000000000000	
-0.207100000000000	-0.0429000000000000	-0.103600000000000	
0.103600000000000	0.207100000000000	-0.0429000000000000	
0.0429000000000000	0.207100000000000	-0.103600000000000	
-0.0429000000000000	-0.207100000000000	0.103600000000000	
-0.207100000000000	0.103600000000000	-0.0429000000000000
-0.207100000000000	-0.103600000000000	0.0429000000000000
0.0429000000000000	-0.207100000000000	0.103600000000000
0.207100000000000	0.103600000000000	-0.0429000000000000
0.207100000000000	-0.103600000000000	0.0429000000000000
-0.103600000000000	-0.207100000000000	0.0429000000000000
-0.207100000000000	-0.103600000000000	-0.0429000000000000
-0.0429000000000000	-0.207100000000000	-0.103600000000000
0.103600000000000	-0.207100000000000	0.0429000000000000
0.207100000000000	0.0429000000000000	-0.103600000000000
0.0429000000000000	-0.207100000000000	-0.103600000000000
0.207100000000000	-0.0429000000000000	-0.103600000000000
0.207100000000000	-0.103600000000000	-0.0429000000000000
-0.103600000000000	-0.207100000000000	-0.0429000000000000
0.103600000000000	-0.207100000000000	-0.0429000000000000
0	0.207100000000000	0.207100000000000
-0.146400000000000	0.146400000000000	0.207100000000000
0.146400000000000	0.146400000000000	0.207100000000000
-0.146400000000000	0.207100000000000	0.146400000000000
0.146400000000000	0.207100000000000	0.146400000000000
-0.207100000000000	0.146400000000000	0.146400000000000
-0.207100000000000	0	0.207100000000000
-0.146400000000000	0.146400000000000	-0.207100000000000
-0.207100000000000	0	-0.207100000000000
0.207100000000000	0.146400000000000	0.146400000000000
0.207100000000000	0	0.207100000000000
0	0.207100000000000	-0.207100000000000
-0.207100000000000	0.146400000000000	-0.146400000000000
-0.146400000000000	-0.146400000000000	0.207100000000000
-0.146400000000000	0.207100000000000	-0.146400000000000
-0.146400000000000	-0.146400000000000	-0.207100000000000
0.146400000000000	-0.146400000000000	0.207100000000000
0	-0.207100000000000	0.207100000000000
0.146400000000000	0.146400000000000	-0.207100000000000
-0.207100000000000	0.207100000000000	0
-0.207100000000000	-0.146400000000000	0.146400000000000
-0.207100000000000	-0.146400000000000	-0.146400000000000
0	-0.207100000000000	-0.207100000000000
0.207100000000000	0.207100000000000	0
0.207100000000000	-0.146400000000000	0.146400000000000
-0.146400000000000	-0.207100000000000	0.146400000000000
0.207100000000000	0	-0.207100000000000
0.146400000000000	0.207100000000000	-0.146400000000000
-0.146400000000000	-0.207100000000000	-0.146400000000000
0.146400000000000	-0.207100000000000	0.146400000000000
0.146400000000000	-0.146400000000000	-0.207100000000000
0.207100000000000	0.146400000000000	-0.146400000000000
0.207100000000000	-0.207100000000000	0
0.146400000000000	-0.207100000000000	-0.146400000000000
0.207100000000000	-0.146400000000000	-0.146400000000000
-0.207100000000000	-0.207100000000000	0
-0.0858000000000000	0.207100000000000	0.207100000000000
0.0858000000000000	0.207100000000000	0.207100000000000
-0.207100000000000	0.0858000000000000	0.207100000000000
0.207100000000000	0.0858000000000000	0.207100000000000
-0.207100000000000	0.0858000000000000	-0.207100000000000
-0.0858000000000000	0.207100000000000	-0.207100000000000
-0.207100000000000	0.207100000000000	0.0858000000000000
-0.207100000000000	-0.0858000000000000	0.207100000000000
-0.207100000000000	-0.0858000000000000	-0.207100000000000
0.207100000000000	0.207100000000000	0.0858000000000000
0.207100000000000	-0.0858000000000000	0.207100000000000
0.0858000000000000	0.207100000000000	-0.207100000000000
-0.0858000000000000	-0.207100000000000	0.207100000000000
0.0858000000000000	-0.207100000000000	0.207100000000000
-0.0858000000000000	-0.207100000000000	-0.207100000000000
-0.207100000000000	0.207100000000000	-0.0858000000000000
0.207100000000000	0.0858000000000000	-0.207100000000000
0.0858000000000000	-0.207100000000000	-0.207100000000000
0.207100000000000	-0.0858000000000000	-0.207100000000000
0.207100000000000	-0.207100000000000	0.0858000000000000
-0.207100000000000	-0.207100000000000	0.0858000000000000
0.207100000000000	0.207100000000000	-0.0858000000000000
-0.207100000000000	-0.207100000000000	-0.0858000000000000
0.207100000000000	-0.207100000000000	-0.0858000000000000
0	0	0.310700000000000
0	0	-0.310700000000000
0	0.310700000000000	0
-0.310700000000000	0	0
0	-0.310700000000000	0
0.310700000000000	0	0
-0.0429000000000000	0.103600000000000	0.310700000000000
0.0429000000000000	0.103600000000000	0.310700000000000
-0.103600000000000	0.0429000000000000	0.310700000000000
0.103600000000000	0.0429000000000000	0.310700000000000
-0.103600000000000	0.0429000000000000	-0.310700000000000
-0.0429000000000000	0.103600000000000	-0.310700000000000
-0.103600000000000	-0.0429000000000000	0.310700000000000
-0.103600000000000	-0.0429000000000000	-0.310700000000000
0.103600000000000	-0.0429000000000000	0.310700000000000
0.0429000000000000	0.103600000000000	-0.310700000000000
-0.0429000000000000	-0.103600000000000	0.310700000000000
0.0429000000000000	-0.103600000000000	0.310700000000000
-0.0429000000000000	-0.103600000000000	-0.310700000000000
0.103600000000000	0.0429000000000000	-0.310700000000000
-0.0429000000000000	0.310700000000000	0.103600000000000
0.0429000000000000	0.310700000000000	0.103600000000000
0.0429000000000000	-0.103600000000000	-0.310700000000000
0.103600000000000	-0.0429000000000000	-0.310700000000000
-0.103600000000000	0.310700000000000	0.0429000000000000
0.103600000000000	0.310700000000000	0.0429000000000000
-0.310700000000000	0.0429000000000000	0.103600000000000
-0.310700000000000	0.0429000000000000	-0.103600000000000
-0.310700000000000	0.103600000000000	0.0429000000000000
-0.310700000000000	-0.0429000000000000	0.103600000000000
0.0429000000000000	-0.310700000000000	0.103600000000000
0.310700000000000	0.0429000000000000	0.103600000000000
-0.103600000000000	0.310700000000000	-0.0429000000000000
0.103600000000000	-0.310700000000000	0.0429000000000000
-0.310700000000000	-0.0429000000000000	-0.103600000000000
-0.0429000000000000	0.310700000000000	-0.103600000000000
0.103600000000000	0.310700000000000	-0.0429000000000000
0.310700000000000	0.103600000000000	0.0429000000000000
0.310700000000000	-0.0429000000000000	0.103600000000000
0.0429000000000000	0.310700000000000	-0.103600000000000
-0.0429000000000000	-0.310700000000000	0.103600000000000
-0.310700000000000	0.103600000000000	-0.0429000000000000
0.103600000000000	-0.310700000000000	-0.0429000000000000
-0.310700000000000	-0.103600000000000	0.0429000000000000
-0.310700000000000	-0.103600000000000	-0.0429000000000000
0.310700000000000	0.103600000000000	-0.0429000000000000
0.310700000000000	-0.103600000000000	0.0429000000000000
0.310700000000000	-0.0429000000000000	-0.103600000000000
-0.103600000000000	-0.310700000000000	0.0429000000000000
0.310700000000000	-0.103600000000000	-0.0429000000000000
0.0429000000000000	-0.310700000000000	-0.103600000000000
-0.0429000000000000	-0.310700000000000	-0.103600000000000
-0.103600000000000	-0.310700000000000	-0.0429000000000000
0.310700000000000	0.0429000000000000	-0.103600000000000
0	0.207100000000000	0.310700000000000
-0.146400000000000	0.146400000000000	0.310700000000000
0.146400000000000	0.146400000000000	0.310700000000000
-0.146400000000000	0.146400000000000	-0.310700000000000
-0.207100000000000	0	-0.310700000000000
0	0.310700000000000	0.207100000000000
-0.207100000000000	0	0.310700000000000
0	0.207100000000000	-0.310700000000000
0.207100000000000	0	0.310700000000000
-0.146400000000000	0.310700000000000	0.146400000000000
-0.146400000000000	-0.146400000000000	-0.310700000000000
0.146400000000000	0.310700000000000	0.146400000000000
-0.146400000000000	-0.146400000000000	0.310700000000000
0.146400000000000	0.146400000000000	-0.310700000000000
-0.310700000000000	0	-0.207100000000000
0.146400000000000	-0.146400000000000	0.310700000000000
-0.310700000000000	0.146400000000000	0.146400000000000
-0.310700000000000	0	0.207100000000000
0	-0.207100000000000	0.310700000000000
0	-0.207100000000000	-0.310700000000000
0	0.310700000000000	-0.207100000000000
0.146400000000000	-0.310700000000000	0.146400000000000
0.207100000000000	0	-0.310700000000000
-0.310700000000000	0.146400000000000	-0.146400000000000
0.310700000000000	0.146400000000000	0.146400000000000
0.310700000000000	0	0.207100000000000
0.146400000000000	-0.146400000000000	-0.310700000000000
-0.146400000000000	0.310700000000000	-0.146400000000000
0	-0.310700000000000	0.207100000000000
-0.207100000000000	0.310700000000000	0
0.207100000000000	-0.310700000000000	0
-0.310700000000000	-0.146400000000000	-0.146400000000000
0.207100000000000	0.310700000000000	0
-0.310700000000000	0.207100000000000	0
-0.310700000000000	-0.146400000000000	0.146400000000000
0.310700000000000	-0.146400000000000	-0.146400000000000
0.146400000000000	0.310700000000000	-0.146400000000000
0.310700000000000	0.207100000000000	0
0.310700000000000	-0.146400000000000	0.146400000000000
0.310700000000000	0	-0.207100000000000
0	-0.310700000000000	-0.207100000000000
-0.146400000000000	-0.310700000000000	-0.146400000000000
-0.146400000000000	-0.310700000000000	0.146400000000000
-0.207100000000000	-0.310700000000000	0
0.310700000000000	-0.207100000000000	0
0.146400000000000	-0.310700000000000	-0.146400000000000
0.310700000000000	0.146400000000000	-0.146400000000000
-0.310700000000000	-0.207100000000000	0
-0.0858000000000000	0.207100000000000	0.310700000000000
0.0858000000000000	0.207100000000000	0.310700000000000
-0.207100000000000	0.0858000000000000	-0.310700000000000
-0.207100000000000	0.0858000000000000	0.310700000000000
-0.0858000000000000	0.207100000000000	-0.310700000000000
-0.0858000000000000	0.310700000000000	0.207100000000000
0.0858000000000000	0.310700000000000	0.207100000000000
0.207100000000000	0.0858000000000000	0.310700000000000
-0.207100000000000	-0.0858000000000000	-0.310700000000000
0.0858000000000000	0.207100000000000	-0.310700000000000
-0.207100000000000	-0.0858000000000000	0.310700000000000
-0.310700000000000	0.0858000000000000	0.207100000000000
-0.310700000000000	0.0858000000000000	-0.207100000000000
0.207100000000000	-0.0858000000000000	0.310700000000000
-0.0858000000000000	-0.207100000000000	-0.310700000000000
-0.0858000000000000	0.310700000000000	-0.207100000000000
-0.207100000000000	0.310700000000000	0.0858000000000000
-0.0858000000000000	-0.207100000000000	0.310700000000000
0.310700000000000	0.0858000000000000	0.207100000000000
0.207100000000000	0.0858000000000000	-0.310700000000000
-0.310700000000000	-0.0858000000000000	-0.207100000000000
0.0858000000000000	-0.207100000000000	0.310700000000000
0.0858000000000000	-0.310700000000000	0.207100000000000
0.207100000000000	0.310700000000000	0.0858000000000000
-0.310700000000000	0.207100000000000	0.0858000000000000
0.207100000000000	-0.310700000000000	0.0858000000000000
-0.310700000000000	-0.0858000000000000	0.207100000000000
0.0858000000000000	-0.207100000000000	-0.310700000000000
0.0858000000000000	0.310700000000000	-0.207100000000000
0.207100000000000	-0.0858000000000000	-0.310700000000000
0.310700000000000	0.207100000000000	0.0858000000000000
0.310700000000000	-0.0858000000000000	0.207100000000000
-0.310700000000000	0.207100000000000	-0.0858000000000000
0.310700000000000	-0.0858000000000000	-0.207100000000000
-0.207100000000000	0.310700000000000	-0.0858000000000000
-0.0858000000000000	-0.310700000000000	0.207100000000000
-0.0858000000000000	-0.310700000000000	-0.207100000000000
-0.207100000000000	-0.310700000000000	-0.0858000000000000
0.310700000000000	-0.207100000000000	0.0858000000000000
0.310700000000000	-0.207100000000000	-0.0858000000000000
0.207100000000000	-0.310700000000000	-0.0858000000000000
0.310700000000000	0.0858000000000000	-0.207100000000000
0.207100000000000	0.310700000000000	-0.0858000000000000
-0.310700000000000	-0.207100000000000	-0.0858000000000000
0.0858000000000000	-0.310700000000000	-0.207100000000000
-0.310700000000000	-0.207100000000000	0.0858000000000000
0.310700000000000	0.207100000000000	-0.0858000000000000
-0.207100000000000	-0.310700000000000	0.0858000000000000
0	0	0.414200000000000
0	0.414200000000000	0
0.414200000000000	0	0
-0.0429000000000000	0.103600000000000	0.414200000000000
0.0429000000000000	0.103600000000000	0.414200000000000
-0.103600000000000	0.0429000000000000	0.414200000000000
0.103600000000000	0.0429000000000000	0.414200000000000
-0.0429000000000000	-0.103600000000000	-0.414200000000000
0.103600000000000	0.0429000000000000	-0.414200000000000
0.0429000000000000	-0.103600000000000	-0.414200000000000
0.103600000000000	-0.0429000000000000	-0.414200000000000
0.0429000000000000	-0.414200000000000	0.103600000000000
0.103600000000000	-0.414200000000000	0.0429000000000000
-0.0429000000000000	-0.414200000000000	0.103600000000000
0.103600000000000	0.414200000000000	0.0429000000000000
0.414200000000000	0.103600000000000	0.0429000000000000
0.414200000000000	-0.0429000000000000	-0.103600000000000
-0.103600000000000	0.414200000000000	-0.0429000000000000
0.103600000000000	0.414200000000000	-0.0429000000000000
0.414200000000000	-0.103600000000000	-0.0429000000000000
0.414200000000000	0.103600000000000	-0.0429000000000000
0.414200000000000	0.0429000000000000	0.103600000000000
-0.0429000000000000	0.414200000000000	-0.103600000000000
0.414200000000000	0.0429000000000000	-0.103600000000000
0.0429000000000000	0.414200000000000	-0.103600000000000
0.414200000000000	-0.0429000000000000	0.103600000000000
0.414200000000000	-0.103600000000000	0.0429000000000000
-0.250000000000000	0.250000000000000	0.250000000000000
-0.250000000000000	0.250000000000000	-0.250000000000000
0.250000000000000	0.250000000000000	0.250000000000000
0.250000000000000	-0.250000000000000	0.250000000000000
-0.250000000000000	-0.250000000000000	-0.250000000000000
0.250000000000000	-0.250000000000000	-0.250000000000000
0.250000000000000	0.250000000000000	-0.250000000000000
-0.250000000000000	-0.250000000000000	0.250000000000000
-0.0429000000000000	0.310700000000000	0.310700000000000
0.0429000000000000	0.310700000000000	0.310700000000000
-0.189300000000000	0.250000000000000	0.310700000000000
-0.250000000000000	0.189300000000000	0.310700000000000
-0.250000000000000	0.189300000000000	-0.310700000000000
0.189300000000000	0.250000000000000	0.310700000000000
-0.189300000000000	0.250000000000000	-0.310700000000000
-0.189300000000000	0.310700000000000	0.250000000000000
-0.310700000000000	0.0429000000000000	-0.310700000000000
0.250000000000000	0.189300000000000	0.310700000000000
-0.310700000000000	-0.0429000000000000	-0.310700000000000
0.189300000000000	0.310700000000000	0.250000000000000
-0.0429000000000000	0.310700000000000	-0.310700000000000
-0.310700000000000	0.189300000000000	0.250000000000000
-0.310700000000000	0.0429000000000000	0.310700000000000
-0.310700000000000	0.189300000000000	-0.250000000000000
-0.250000000000000	0.310700000000000	0.189300000000000
0.0429000000000000	0.310700000000000	-0.310700000000000
-0.189300000000000	0.310700000000000	-0.250000000000000
-0.310700000000000	0.250000000000000	0.189300000000000
-0.310700000000000	-0.0429000000000000	0.310700000000000
-0.250000000000000	-0.189300000000000	-0.310700000000000
0.310700000000000	0.189300000000000	0.250000000000000
0.189300000000000	-0.310700000000000	0.250000000000000
0.310700000000000	0.0429000000000000	0.310700000000000
0.250000000000000	0.310700000000000	0.189300000000000
0.250000000000000	-0.310700000000000	0.189300000000000
-0.310700000000000	0.250000000000000	-0.189300000000000
-0.189300000000000	-0.250000000000000	-0.310700000000000
-0.250000000000000	0.310700000000000	-0.189300000000000
0.310700000000000	0.250000000000000	0.189300000000000
0.310700000000000	-0.0429000000000000	0.310700000000000
0.189300000000000	0.250000000000000	-0.310700000000000
0.0429000000000000	-0.310700000000000	0.310700000000000
0.310700000000000	-0.189300000000000	-0.250000000000000
-0.310700000000000	-0.189300000000000	-0.250000000000000
-0.250000000000000	-0.189300000000000	0.310700000000000
0.189300000000000	-0.250000000000000	0.310700000000000
0.310700000000000	-0.250000000000000	0.189300000000000
0.250000000000000	0.189300000000000	-0.310700000000000
0.310700000000000	-0.250000000000000	-0.189300000000000
0.310700000000000	-0.310700000000000	0.0429000000000000
0.250000000000000	-0.189300000000000	-0.310700000000000
-0.189300000000000	-0.250000000000000	0.310700000000000
0.250000000000000	-0.189300000000000	0.310700000000000
-0.0429000000000000	-0.310700000000000	-0.310700000000000
-0.250000000000000	-0.310700000000000	-0.189300000000000
0.310700000000000	-0.0429000000000000	-0.310700000000000
-0.0429000000000000	-0.310700000000000	0.310700000000000
0.189300000000000	0.310700000000000	-0.250000000000000
-0.310700000000000	0.310700000000000	0.0429000000000000
-0.310700000000000	-0.189300000000000	0.250000000000000
0.0429000000000000	-0.310700000000000	-0.310700000000000
-0.189300000000000	-0.310700000000000	-0.250000000000000
-0.310700000000000	-0.310700000000000	-0.0429000000000000
0.250000000000000	-0.310700000000000	-0.189300000000000
0.310700000000000	0.0429000000000000	-0.310700000000000
0.310700000000000	-0.189300000000000	0.250000000000000
-0.310700000000000	-0.250000000000000	-0.189300000000000
0.310700000000000	-0.310700000000000	-0.0429000000000000
0.189300000000000	-0.250000000000000	-0.310700000000000
0.310700000000000	0.310700000000000	0.0429000000000000
0.189300000000000	-0.310700000000000	-0.250000000000000
-0.189300000000000	-0.310700000000000	0.250000000000000
0.310700000000000	0.189300000000000	-0.250000000000000
0.310700000000000	0.310700000000000	-0.0429000000000000
-0.310700000000000	-0.310700000000000	0.0429000000000000
-0.310700000000000	0.310700000000000	-0.0429000000000000
-0.310700000000000	-0.250000000000000	0.189300000000000
0.250000000000000	0.310700000000000	-0.189300000000000
-0.250000000000000	-0.310700000000000	0.189300000000000
0.310700000000000	0.250000000000000	-0.189300000000000
-0.128700000000000	0.310700000000000	0.310700000000000
0.128700000000000	0.310700000000000	0.310700000000000
-0.310700000000000	0.128700000000000	-0.310700000000000
-0.128700000000000	0.310700000000000	-0.310700000000000
-0.310700000000000	0.128700000000000	0.310700000000000
-0.310700000000000	-0.128700000000000	-0.310700000000000
0.310700000000000	0.128700000000000	0.310700000000000
0.128700000000000	-0.310700000000000	0.310700000000000
0.128700000000000	0.310700000000000	-0.310700000000000
0.310700000000000	-0.310700000000000	0.128700000000000
-0.310700000000000	0.310700000000000	0.128700000000000
-0.310700000000000	-0.128700000000000	0.310700000000000
0.310700000000000	-0.128700000000000	-0.310700000000000
-0.128700000000000	-0.310700000000000	-0.310700000000000
0.310700000000000	0.310700000000000	0.128700000000000
-0.310700000000000	-0.310700000000000	-0.128700000000000
0.310700000000000	-0.128700000000000	0.310700000000000
-0.310700000000000	0.310700000000000	-0.128700000000000
0.310700000000000	-0.310700000000000	-0.128700000000000
0.310700000000000	0.128700000000000	-0.310700000000000
-0.128700000000000	-0.310700000000000	0.310700000000000
0.128700000000000	-0.310700000000000	-0.310700000000000
0.310700000000000	0.310700000000000	-0.128700000000000
-0.310700000000000	-0.310700000000000	0.128700000000000
0	0.207100000000000	0.414200000000000
-0.146400000000000	0.146400000000000	0.414200000000000
0.146400000000000	0.146400000000000	0.414200000000000
-0.146400000000000	-0.146400000000000	-0.414200000000000
0.207100000000000	0	0.414200000000000
0.146400000000000	-0.414200000000000	0.146400000000000
0	-0.207100000000000	-0.414200000000000
0.207100000000000	0	-0.414200000000000
0	-0.414200000000000	0.207100000000000
0.146400000000000	-0.146400000000000	-0.414200000000000
0.207100000000000	-0.414200000000000	0
0.414200000000000	-0.146400000000000	-0.146400000000000
0.414200000000000	0.207100000000000	0
0.414200000000000	0.146400000000000	0.146400000000000
0	0.414200000000000	-0.207100000000000
0.414200000000000	0	-0.207100000000000
-0.146400000000000	0.414200000000000	-0.146400000000000
-0.146400000000000	-0.414200000000000	0.146400000000000
0.414200000000000	0	0.207100000000000
0.207100000000000	0.414200000000000	0
0.414200000000000	-0.207100000000000	0
0.414200000000000	0.146400000000000	-0.146400000000000
0.146400000000000	0.414200000000000	-0.146400000000000
0.414200000000000	-0.146400000000000	0.146400000000000
-0.0858000000000000	0.207100000000000	0.414200000000000
0.0858000000000000	0.207100000000000	0.414200000000000
-0.207100000000000	0.0858000000000000	0.414200000000000
0.207100000000000	0.0858000000000000	0.414200000000000
-0.0858000000000000	-0.207100000000000	-0.414200000000000
0.0858000000000000	-0.414200000000000	0.207100000000000
0.207100000000000	-0.414200000000000	0.0858000000000000
0.207100000000000	0.0858000000000000	-0.414200000000000
0.0858000000000000	-0.207100000000000	-0.414200000000000
0.207100000000000	-0.0858000000000000	-0.414200000000000
0.414200000000000	-0.0858000000000000	-0.207100000000000
-0.0858000000000000	-0.414200000000000	0.207100000000000
0.414200000000000	0.207100000000000	0.0858000000000000
-0.0858000000000000	0.414200000000000	-0.207100000000000
0.414200000000000	-0.207100000000000	-0.0858000000000000
0.207100000000000	0.414200000000000	0.0858000000000000
0.414200000000000	0.0858000000000000	0.207100000000000
0.0858000000000000	0.414200000000000	-0.207100000000000
0.414200000000000	0.207100000000000	-0.0858000000000000
0.414200000000000	0.0858000000000000	-0.207100000000000
0.414200000000000	-0.207100000000000	0.0858000000000000
-0.207100000000000	0.414200000000000	-0.0858000000000000
0.414200000000000	-0.0858000000000000	0.207100000000000
0.207100000000000	0.414200000000000	-0.0858000000000000
-0.0429000000000000	0.310700000000000	0.414200000000000
0.0429000000000000	0.310700000000000	0.414200000000000
-0.189300000000000	0.250000000000000	0.414200000000000
-0.250000000000000	0.189300000000000	0.414200000000000
0.189300000000000	0.250000000000000	0.414200000000000
0.189300000000000	-0.414200000000000	0.250000000000000
0.250000000000000	-0.414200000000000	0.189300000000000
0.250000000000000	0.189300000000000	0.414200000000000
-0.250000000000000	-0.189300000000000	-0.414200000000000
0.0429000000000000	-0.414200000000000	0.310700000000000
0.414200000000000	-0.189300000000000	-0.250000000000000
-0.189300000000000	-0.250000000000000	-0.414200000000000
0.310700000000000	-0.414200000000000	0.0429000000000000
0.310700000000000	0.0429000000000000	0.414200000000000
0.414200000000000	-0.250000000000000	-0.189300000000000
-0.0429000000000000	0.414200000000000	-0.310700000000000
-0.0429000000000000	-0.414200000000000	0.310700000000000
0.414200000000000	-0.0429000000000000	-0.310700000000000
0.310700000000000	-0.0429000000000000	0.414200000000000
0.0429000000000000	0.414200000000000	-0.310700000000000
-0.189300000000000	0.414200000000000	-0.250000000000000
0.414200000000000	0.310700000000000	0.0429000000000000
0.414200000000000	0.250000000000000	0.189300000000000
-0.0429000000000000	-0.310700000000000	-0.414200000000000
0.310700000000000	-0.414200000000000	-0.0429000000000000
0.250000000000000	-0.189300000000000	-0.414200000000000
0.414200000000000	0.310700000000000	-0.0429000000000000
0.310700000000000	-0.0429000000000000	-0.414200000000000
0.414200000000000	0.189300000000000	0.250000000000000
0.0429000000000000	-0.310700000000000	-0.414200000000000
0.414200000000000	0.0429000000000000	-0.310700000000000
0.310700000000000	0.0429000000000000	-0.414200000000000
0.414200000000000	-0.250000000000000	0.189300000000000
-0.250000000000000	0.414200000000000	-0.189300000000000
0.414200000000000	0.0429000000000000	0.310700000000000
0.414200000000000	-0.310700000000000	0.0429000000000000
0.414200000000000	-0.310700000000000	-0.0429000000000000
0.189300000000000	-0.250000000000000	-0.414200000000000
0.414200000000000	-0.0429000000000000	0.310700000000000
0.310700000000000	0.414200000000000	0.0429000000000000
-0.189300000000000	-0.414200000000000	0.250000000000000
0.414200000000000	-0.189300000000000	0.250000000000000
0.189300000000000	0.414200000000000	-0.250000000000000
0.310700000000000	0.414200000000000	-0.0429000000000000
0.414200000000000	0.250000000000000	-0.189300000000000
-0.250000000000000	-0.414200000000000	0.189300000000000
0.250000000000000	0.414200000000000	-0.189300000000000
0.414200000000000	0.189300000000000	-0.250000000000000
-0.128700000000000	0.310700000000000	0.414200000000000
0.128700000000000	0.310700000000000	0.414200000000000
0.128700000000000	-0.414200000000000	0.310700000000000
-0.310700000000000	0.128700000000000	0.414200000000000
0.310700000000000	-0.414200000000000	0.128700000000000
0.414200000000000	-0.128700000000000	-0.310700000000000
0.310700000000000	0.128700000000000	0.414200000000000
-0.128700000000000	0.414200000000000	-0.310700000000000
0.414200000000000	0.310700000000000	0.128700000000000
0.310700000000000	-0.128700000000000	-0.414200000000000
0.414200000000000	-0.310700000000000	-0.128700000000000
-0.128700000000000	-0.310700000000000	-0.414200000000000
0.414200000000000	-0.310700000000000	0.128700000000000
0.310700000000000	0.128700000000000	-0.414200000000000
0.414200000000000	0.128700000000000	0.310700000000000
0.128700000000000	0.414200000000000	-0.310700000000000
-0.128700000000000	-0.414200000000000	0.310700000000000
0.414200000000000	0.310700000000000	-0.128700000000000
0.310700000000000	0.414200000000000	0.128700000000000
0.128700000000000	-0.310700000000000	-0.414200000000000
0.414200000000000	0.128700000000000	-0.310700000000000
-0.310700000000000	0.414200000000000	-0.128700000000000
0.414200000000000	-0.128700000000000	0.310700000000000
0.310700000000000	0.414200000000000	-0.128700000000000
0.292900000000000	-0.353600000000000	0.353600000000000
0.353600000000000	-0.292900000000000	-0.353600000000000
0.353600000000000	-0.353600000000000	0.292900000000000
0.353600000000000	-0.353600000000000	-0.292900000000000
0.292900000000000	0.353600000000000	0.353600000000000
0.292900000000000	-0.353600000000000	-0.353600000000000
0.353600000000000	-0.292900000000000	0.353600000000000
0.353600000000000	0.292900000000000	0.353600000000000
0.353600000000000	0.353600000000000	0.292900000000000
0.292900000000000	0.353600000000000	-0.353600000000000
0.353600000000000	0.292900000000000	-0.353600000000000
0.353600000000000	0.353600000000000	-0.292900000000000
0.292900000000000	-0.414200000000000	0.292900000000000
0.414200000000000	-0.292900000000000	-0.292900000000000
0.292900000000000	0.292900000000000	0.414200000000000
0.292900000000000	-0.292900000000000	-0.414200000000000
0.414200000000000	0	-0.414200000000000
0.414200000000000	-0.292900000000000	0.292900000000000
0.414200000000000	-0.414200000000000	0
0.414200000000000	0.414200000000000	0
0.414200000000000	0.292900000000000	0.292900000000000
0.414200000000000	0	0.414200000000000
0.292900000000000	0.414200000000000	-0.292900000000000
0.414200000000000	0.292900000000000	-0.292900000000000
0.232200000000000	-0.414200000000000	0.353600000000000
0.353600000000000	-0.414200000000000	0.232200000000000
0.414200000000000	-0.232200000000000	-0.353600000000000
0.232200000000000	0.353600000000000	0.414200000000000
0.353600000000000	-0.232200000000000	-0.414200000000000
0.414200000000000	-0.353600000000000	-0.232200000000000
0.414200000000000	-0.0858000000000000	-0.414200000000000
0.414200000000000	-0.353600000000000	0.232200000000000
0.414200000000000	-0.414200000000000	0.0858000000000000
0.353600000000000	0.232200000000000	0.414200000000000
0.414200000000000	0.414200000000000	0.0858000000000000
0.414200000000000	0.353600000000000	0.232200000000000
0.232200000000000	-0.353600000000000	-0.414200000000000
0.414200000000000	0.232200000000000	0.353600000000000
0.414200000000000	0.0858000000000000	0.414200000000000
0.414200000000000	-0.414200000000000	-0.0858000000000000
0.414200000000000	0.414200000000000	-0.0858000000000000
0.414200000000000	0.0858000000000000	-0.414200000000000
0.414200000000000	-0.232200000000000	0.353600000000000
0.232200000000000	0.414200000000000	-0.353600000000000
0.414200000000000	-0.0858000000000000	0.414200000000000
0.414200000000000	0.353600000000000	-0.232200000000000
0.353600000000000	0.414200000000000	-0.232200000000000
0.414200000000000	0.232200000000000	-0.353600000000000
0.414200000000000	-0.171600000000000	-0.414200000000000
0.414200000000000	-0.414200000000000	0.171600000000000
0.414200000000000	0.414200000000000	0.171600000000000
0.414200000000000	0.171600000000000	0.414200000000000
0.414200000000000	0.414200000000000	-0.171600000000000
0.414200000000000	0.171600000000000	-0.414200000000000
0	0	0	
0	0	0.103600000000000	
0	0.103600000000000	0	
-0.103600000000000	0	0	
0.103600000000000	0	0	
0	0	-0.103600000000000	
0	-0.103600000000000	0	
-0.0429000000000000	0.103600000000000	0.103600000000000	
0.0429000000000000	0.103600000000000	0.103600000000000	
-0.103600000000000	0.0429000000000000	0.103600000000000	
0.103600000000000	0.0429000000000000	0.103600000000000	
-0.103600000000000	0.103600000000000	0.0429000000000000	
-0.103600000000000	-0.0429000000000000	0.103600000000000	
0.103600000000000	0.103600000000000	0.0429000000000000	
0.103600000000000	-0.0429000000000000	0.103600000000000	
-0.0429000000000000	-0.103600000000000	0.103600000000000	
0.0429000000000000	-0.103600000000000	0.103600000000000	
-0.103600000000000	0.0429000000000000	-0.103600000000000	
-0.0429000000000000	0.103600000000000	-0.103600000000000	
-0.103600000000000	-0.0429000000000000	-0.103600000000000	
-0.103600000000000	0.103600000000000	-0.0429000000000000	
-0.103600000000000	-0.103600000000000	0.0429000000000000	
0.0429000000000000	0.103600000000000	-0.103600000000000	
0.103600000000000	0.103600000000000	-0.0429000000000000	
0.103600000000000	-0.103600000000000	0.0429000000000000	
-0.0429000000000000	-0.103600000000000	-0.103600000000000	
0.103600000000000	0.0429000000000000	-0.103600000000000	
0.0429000000000000	-0.103600000000000	-0.103600000000000	
0.103600000000000	-0.0429000000000000	-0.103600000000000	
-0.103600000000000	-0.103600000000000	-0.0429000000000000	
0.103600000000000	-0.103600000000000	-0.0429000000000000	
0	0	0.207100000000000	
0	0	-0.207100000000000	
0	0.207100000000000	0	
-0.207100000000000	0	0	
0.207100000000000	0	0	
0	-0.207100000000000	0	
-0.0429000000000000	0.103600000000000	0.207100000000000	
0.0429000000000000	0.103600000000000	0.207100000000000	
-0.103600000000000	0.0429000000000000	0.207100000000000	
0.103600000000000	0.0429000000000000	0.207100000000000	
-0.103600000000000	-0.0429000000000000	0.207100000000000	
-0.0429000000000000	0.207100000000000	0.103600000000000	
0.0429000000000000	0.207100000000000	0.103600000000000	
0.103600000000000	-0.0429000000000000	0.207100000000000	
-0.103600000000000	0.0429000000000000	-0.207100000000000	
-0.0429000000000000	0.103600000000000	-0.207100000000000	
-0.0429000000000000	-0.103600000000000	0.207100000000000	
0.0429000000000000	-0.103600000000000	0.207100000000000	
-0.103600000000000	-0.0429000000000000	-0.207100000000000	
0.0429000000000000	0.103600000000000	-0.207100000000000	
-0.103600000000000	0.207100000000000	0.0429000000000000	
-0.207100000000000	0.0429000000000000	0.103600000000000	
0.103600000000000	0.207100000000000	0.0429000000000000	
-0.0429000000000000	-0.103600000000000	-0.207100000000000	
0.207100000000000	0.0429000000000000	0.103600000000000	
0.103600000000000	0.0429000000000000	-0.207100000000000	
-0.207100000000000	0.103600000000000	0.0429000000000000	
-0.207100000000000	-0.0429000000000000	0.103600000000000	
0.0429000000000000	-0.103600000000000	-0.207100000000000	
0.103600000000000	-0.0429000000000000	-0.207100000000000	
-0.207100000000000	0.0429000000000000	-0.103600000000000	
0.207100000000000	0.103600000000000	0.0429000000000000	
0.207100000000000	-0.0429000000000000	0.103600000000000	
-0.0429000000000000	0.207100000000000	-0.103600000000000	
-0.103600000000000	0.207100000000000	-0.0429000000000000	
-0.207100000000000	-0.0429000000000000	-0.103600000000000	
0.103600000000000	0.207100000000000	-0.0429000000000000	
0.0429000000000000	0.207100000000000	-0.103600000000000	
-0.0429000000000000	-0.207100000000000	0.103600000000000	
-0.207100000000000	0.103600000000000	-0.0429000000000000
-0.207100000000000	-0.103600000000000	0.0429000000000000
0.0429000000000000	-0.207100000000000	0.103600000000000
0.207100000000000	0.103600000000000	-0.0429000000000000
0.207100000000000	-0.103600000000000	0.0429000000000000
-0.103600000000000	-0.207100000000000	0.0429000000000000
-0.207100000000000	-0.103600000000000	-0.0429000000000000
-0.0429000000000000	-0.207100000000000	-0.103600000000000
0.103600000000000	-0.207100000000000	0.0429000000000000
0.207100000000000	0.0429000000000000	-0.103600000000000
0.0429000000000000	-0.207100000000000	-0.103600000000000
0.207100000000000	-0.0429000000000000	-0.103600000000000
0.207100000000000	-0.103600000000000	-0.0429000000000000
-0.103600000000000	-0.207100000000000	-0.0429000000000000
0.103600000000000	-0.207100000000000	-0.0429000000000000
0	0.207100000000000	0.207100000000000
-0.146400000000000	0.146400000000000	0.207100000000000
0.146400000000000	0.146400000000000	0.207100000000000
-0.146400000000000	0.207100000000000	0.146400000000000
0.146400000000000	0.207100000000000	0.146400000000000
-0.207100000000000	0.146400000000000	0.146400000000000
-0.207100000000000	0	0.207100000000000
-0.146400000000000	0.146400000000000	-0.207100000000000
-0.207100000000000	0	-0.207100000000000
0.207100000000000	0.146400000000000	0.146400000000000
0.207100000000000	0	0.207100000000000
0	0.207100000000000	-0.207100000000000
-0.207100000000000	0.146400000000000	-0.146400000000000
-0.146400000000000	-0.146400000000000	0.207100000000000
-0.146400000000000	0.207100000000000	-0.146400000000000
-0.146400000000000	-0.146400000000000	-0.207100000000000
0.146400000000000	-0.146400000000000	0.207100000000000
0	-0.207100000000000	0.207100000000000
0.146400000000000	0.146400000000000	-0.207100000000000
-0.207100000000000	0.207100000000000	0
-0.207100000000000	-0.146400000000000	0.146400000000000
-0.207100000000000	-0.146400000000000	-0.146400000000000
0	-0.207100000000000	-0.207100000000000
0.207100000000000	0.207100000000000	0
0.207100000000000	-0.146400000000000	0.146400000000000
-0.146400000000000	-0.207100000000000	0.146400000000000
0.207100000000000	0	-0.207100000000000
0.146400000000000	0.207100000000000	-0.146400000000000
-0.146400000000000	-0.207100000000000	-0.146400000000000
0.146400000000000	-0.207100000000000	0.146400000000000
0.146400000000000	-0.146400000000000	-0.207100000000000
0.207100000000000	0.146400000000000	-0.146400000000000
0.207100000000000	-0.207100000000000	0
0.146400000000000	-0.207100000000000	-0.146400000000000
0.207100000000000	-0.146400000000000	-0.146400000000000
-0.207100000000000	-0.207100000000000	0
-0.0858000000000000	0.207100000000000	0.207100000000000
0.0858000000000000	0.207100000000000	0.207100000000000
-0.207100000000000	0.0858000000000000	0.207100000000000
0.207100000000000	0.0858000000000000	0.207100000000000
-0.207100000000000	0.0858000000000000	-0.207100000000000
-0.0858000000000000	0.207100000000000	-0.207100000000000
-0.207100000000000	0.207100000000000	0.0858000000000000
-0.207100000000000	-0.0858000000000000	0.207100000000000
-0.207100000000000	-0.0858000000000000	-0.207100000000000
0.207100000000000	0.207100000000000	0.0858000000000000
0.207100000000000	-0.0858000000000000	0.207100000000000
0.0858000000000000	0.207100000000000	-0.207100000000000
-0.0858000000000000	-0.207100000000000	0.207100000000000
0.0858000000000000	-0.207100000000000	0.207100000000000
-0.0858000000000000	-0.207100000000000	-0.207100000000000
-0.207100000000000	0.207100000000000	-0.0858000000000000
0.207100000000000	0.0858000000000000	-0.207100000000000
0.0858000000000000	-0.207100000000000	-0.207100000000000
0.207100000000000	-0.0858000000000000	-0.207100000000000
0.207100000000000	-0.207100000000000	0.0858000000000000
-0.207100000000000	-0.207100000000000	0.0858000000000000
0.207100000000000	0.207100000000000	-0.0858000000000000
-0.207100000000000	-0.207100000000000	-0.0858000000000000
0.207100000000000	-0.207100000000000	-0.0858000000000000
0	0	0.310700000000000
0	0	-0.310700000000000
0	0.310700000000000	0
-0.310700000000000	0	0
0	-0.310700000000000	0
0.310700000000000	0	0
-0.0429000000000000	0.103600000000000	0.310700000000000
0.0429000000000000	0.103600000000000	0.310700000000000
-0.103600000000000	0.0429000000000000	0.310700000000000
0.103600000000000	0.0429000000000000	0.310700000000000
-0.103600000000000	0.0429000000000000	-0.310700000000000
-0.0429000000000000	0.103600000000000	-0.310700000000000
-0.103600000000000	-0.0429000000000000	0.310700000000000
-0.103600000000000	-0.0429000000000000	-0.310700000000000
0.103600000000000	-0.0429000000000000	0.310700000000000
0.0429000000000000	0.103600000000000	-0.310700000000000
-0.0429000000000000	-0.103600000000000	0.310700000000000
0.0429000000000000	-0.103600000000000	0.310700000000000
-0.0429000000000000	-0.103600000000000	-0.310700000000000
0.103600000000000	0.0429000000000000	-0.310700000000000
-0.0429000000000000	0.310700000000000	0.103600000000000
0.0429000000000000	0.310700000000000	0.103600000000000
0.0429000000000000	-0.103600000000000	-0.310700000000000
0.103600000000000	-0.0429000000000000	-0.310700000000000
-0.103600000000000	0.310700000000000	0.0429000000000000
0.103600000000000	0.310700000000000	0.0429000000000000
-0.310700000000000	0.0429000000000000	0.103600000000000
-0.310700000000000	0.0429000000000000	-0.103600000000000
-0.310700000000000	0.103600000000000	0.0429000000000000
-0.310700000000000	-0.0429000000000000	0.103600000000000
0.0429000000000000	-0.310700000000000	0.103600000000000
0.310700000000000	0.0429000000000000	0.103600000000000
-0.103600000000000	0.310700000000000	-0.0429000000000000
0.103600000000000	-0.310700000000000	0.0429000000000000
-0.310700000000000	-0.0429000000000000	-0.103600000000000
-0.0429000000000000	0.310700000000000	-0.103600000000000
0.103600000000000	0.310700000000000	-0.0429000000000000
0.310700000000000	0.103600000000000	0.0429000000000000
0.310700000000000	-0.0429000000000000	0.103600000000000
0.0429000000000000	0.310700000000000	-0.103600000000000
-0.0429000000000000	-0.310700000000000	0.103600000000000
-0.310700000000000	0.103600000000000	-0.0429000000000000
0.103600000000000	-0.310700000000000	-0.0429000000000000
-0.310700000000000	-0.103600000000000	0.0429000000000000
-0.310700000000000	-0.103600000000000	-0.0429000000000000
0.310700000000000	0.103600000000000	-0.0429000000000000
0.310700000000000	-0.103600000000000	0.0429000000000000
0.310700000000000	-0.0429000000000000	-0.103600000000000
-0.103600000000000	-0.310700000000000	0.0429000000000000
0.310700000000000	-0.103600000000000	-0.0429000000000000
0.0429000000000000	-0.310700000000000	-0.103600000000000
-0.0429000000000000	-0.310700000000000	-0.103600000000000
-0.103600000000000	-0.310700000000000	-0.0429000000000000
0.310700000000000	0.0429000000000000	-0.103600000000000
0	0.207100000000000	0.310700000000000
-0.146400000000000	0.146400000000000	0.310700000000000
0.146400000000000	0.146400000000000	0.310700000000000
-0.146400000000000	0.146400000000000	-0.310700000000000
-0.207100000000000	0	-0.310700000000000
0	0.310700000000000	0.207100000000000
-0.207100000000000	0	0.310700000000000
0	0.207100000000000	-0.310700000000000
0.207100000000000	0	0.310700000000000
-0.146400000000000	0.310700000000000	0.146400000000000
-0.146400000000000	-0.146400000000000	-0.310700000000000
0.146400000000000	0.310700000000000	0.146400000000000
-0.146400000000000	-0.146400000000000	0.310700000000000
0.146400000000000	0.146400000000000	-0.310700000000000
-0.310700000000000	0	-0.207100000000000
0.146400000000000	-0.146400000000000	0.310700000000000
-0.310700000000000	0.146400000000000	0.146400000000000
-0.310700000000000	0	0.207100000000000
0	-0.207100000000000	0.310700000000000
0	-0.207100000000000	-0.310700000000000
0	0.310700000000000	-0.207100000000000
0.146400000000000	-0.310700000000000	0.146400000000000
0.207100000000000	0	-0.310700000000000
-0.310700000000000	0.146400000000000	-0.146400000000000
0.310700000000000	0.146400000000000	0.146400000000000
0.310700000000000	0	0.207100000000000
0.146400000000000	-0.146400000000000	-0.310700000000000
-0.146400000000000	0.310700000000000	-0.146400000000000
0	-0.310700000000000	0.207100000000000
-0.207100000000000	0.310700000000000	0
0.207100000000000	-0.310700000000000	0
-0.310700000000000	-0.146400000000000	-0.146400000000000
0.207100000000000	0.310700000000000	0
-0.310700000000000	0.207100000000000	0
-0.310700000000000	-0.146400000000000	0.146400000000000
0.310700000000000	-0.146400000000000	-0.146400000000000
0.146400000000000	0.310700000000000	-0.146400000000000
0.310700000000000	0.207100000000000	0
0.310700000000000	-0.146400000000000	0.146400000000000
0.310700000000000	0	-0.207100000000000
0	-0.310700000000000	-0.207100000000000
-0.146400000000000	-0.310700000000000	-0.146400000000000
-0.146400000000000	-0.310700000000000	0.146400000000000
-0.207100000000000	-0.310700000000000	0
0.310700000000000	-0.207100000000000	0
0.146400000000000	-0.310700000000000	-0.146400000000000
0.310700000000000	0.146400000000000	-0.146400000000000
-0.310700000000000	-0.207100000000000	0
-0.0858000000000000	0.207100000000000	0.310700000000000
0.0858000000000000	0.207100000000000	0.310700000000000
-0.207100000000000	0.0858000000000000	-0.310700000000000
-0.207100000000000	0.0858000000000000	0.310700000000000
-0.0858000000000000	0.207100000000000	-0.310700000000000
-0.0858000000000000	0.310700000000000	0.207100000000000
0.0858000000000000	0.310700000000000	0.207100000000000
0.207100000000000	0.0858000000000000	0.310700000000000
-0.207100000000000	-0.0858000000000000	-0.310700000000000
0.0858000000000000	0.207100000000000	-0.310700000000000
-0.207100000000000	-0.0858000000000000	0.310700000000000
-0.310700000000000	0.0858000000000000	0.207100000000000
-0.310700000000000	0.0858000000000000	-0.207100000000000
0.207100000000000	-0.0858000000000000	0.310700000000000
-0.0858000000000000	-0.207100000000000	-0.310700000000000
-0.0858000000000000	0.310700000000000	-0.207100000000000
-0.207100000000000	0.310700000000000	0.0858000000000000
-0.0858000000000000	-0.207100000000000	0.310700000000000
0.310700000000000	0.0858000000000000	0.207100000000000
0.207100000000000	0.0858000000000000	-0.310700000000000
-0.310700000000000	-0.0858000000000000	-0.207100000000000
0.0858000000000000	-0.207100000000000	0.310700000000000
0.0858000000000000	-0.310700000000000	0.207100000000000
0.207100000000000	0.310700000000000	0.0858000000000000
-0.310700000000000	0.207100000000000	0.0858000000000000
0.207100000000000	-0.310700000000000	0.0858000000000000
-0.310700000000000	-0.0858000000000000	0.207100000000000
0.0858000000000000	-0.207100000000000	-0.310700000000000
0.0858000000000000	0.310700000000000	-0.207100000000000
0.207100000000000	-0.0858000000000000	-0.310700000000000
0.310700000000000	0.207100000000000	0.0858000000000000
0.310700000000000	-0.0858000000000000	0.207100000000000
-0.310700000000000	0.207100000000000	-0.0858000000000000
0.310700000000000	-0.0858000000000000	-0.207100000000000
-0.207100000000000	0.310700000000000	-0.0858000000000000
-0.0858000000000000	-0.310700000000000	0.207100000000000
-0.0858000000000000	-0.310700000000000	-0.207100000000000
-0.207100000000000	-0.310700000000000	-0.0858000000000000
0.310700000000000	-0.207100000000000	0.0858000000000000
0.310700000000000	-0.207100000000000	-0.0858000000000000
0.207100000000000	-0.310700000000000	-0.0858000000000000
0.310700000000000	0.0858000000000000	-0.207100000000000
0.207100000000000	0.310700000000000	-0.0858000000000000
-0.310700000000000	-0.207100000000000	-0.0858000000000000
0.0858000000000000	-0.310700000000000	-0.207100000000000
-0.310700000000000	-0.207100000000000	0.0858000000000000
0.310700000000000	0.207100000000000	-0.0858000000000000
-0.207100000000000	-0.310700000000000	0.0858000000000000
0	0	0.414200000000000
0	0.414200000000000	0
0.414200000000000	0	0
-0.0429000000000000	0.103600000000000	0.414200000000000
0.0429000000000000	0.103600000000000	0.414200000000000
-0.103600000000000	0.0429000000000000	0.414200000000000
0.103600000000000	0.0429000000000000	0.414200000000000
-0.0429000000000000	-0.103600000000000	-0.414200000000000
0.103600000000000	0.0429000000000000	-0.414200000000000
0.0429000000000000	-0.103600000000000	-0.414200000000000
0.103600000000000	-0.0429000000000000	-0.414200000000000
0.0429000000000000	-0.414200000000000	0.103600000000000
0.103600000000000	-0.414200000000000	0.0429000000000000
-0.0429000000000000	-0.414200000000000	0.103600000000000
0.103600000000000	0.414200000000000	0.0429000000000000
0.414200000000000	0.103600000000000	0.0429000000000000
0.414200000000000	-0.0429000000000000	-0.103600000000000
-0.103600000000000	0.414200000000000	-0.0429000000000000
0.103600000000000	0.414200000000000	-0.0429000000000000
0.414200000000000	-0.103600000000000	-0.0429000000000000
0.414200000000000	0.103600000000000	-0.0429000000000000
0.414200000000000	0.0429000000000000	0.103600000000000
-0.0429000000000000	0.414200000000000	-0.103600000000000
0.414200000000000	0.0429000000000000	-0.103600000000000
0.0429000000000000	0.414200000000000	-0.103600000000000
0.414200000000000	-0.0429000000000000	0.103600000000000
0.414200000000000	-0.103600000000000	0.0429000000000000
-0.250000000000000	0.250000000000000	0.250000000000000
-0.250000000000000	0.250000000000000	-0.250000000000000
0.250000000000000	0.250000000000000	0.250000000000000
0.250000000000000	-0.250000000000000	0.250000000000000
-0.250000000000000	-0.250000000000000	-0.250000000000000
0.250000000000000	-0.250000000000000	-0.250000000000000
0.250000000000000	0.250000000000000	-0.250000000000000
-0.250000000000000	-0.250000000000000	0.250000000000000
-0.0429000000000000	0.310700000000000	0.310700000000000
0.0429000000000000	0.310700000000000	0.310700000000000
-0.189300000000000	0.250000000000000	0.310700000000000
-0.250000000000000	0.189300000000000	0.310700000000000
-0.250000000000000	0.189300000000000	-0.310700000000000
0.189300000000000	0.250000000000000	0.310700000000000
-0.189300000000000	0.250000000000000	-0.310700000000000
-0.189300000000000	0.310700000000000	0.250000000000000
-0.310700000000000	0.0429000000000000	-0.310700000000000
0.250000000000000	0.189300000000000	0.310700000000000
-0.310700000000000	-0.0429000000000000	-0.310700000000000
0.189300000000000	0.310700000000000	0.250000000000000
-0.0429000000000000	0.310700000000000	-0.310700000000000
-0.310700000000000	0.189300000000000	0.250000000000000
-0.310700000000000	0.0429000000000000	0.310700000000000
-0.310700000000000	0.189300000000000	-0.250000000000000
-0.250000000000000	0.310700000000000	0.189300000000000
0.0429000000000000	0.310700000000000	-0.310700000000000
-0.189300000000000	0.310700000000000	-0.250000000000000
-0.310700000000000	0.250000000000000	0.189300000000000
-0.310700000000000	-0.0429000000000000	0.310700000000000
-0.250000000000000	-0.189300000000000	-0.310700000000000
0.310700000000000	0.189300000000000	0.250000000000000
0.189300000000000	-0.310700000000000	0.250000000000000
0.310700000000000	0.0429000000000000	0.310700000000000
0.250000000000000	0.310700000000000	0.189300000000000
0.250000000000000	-0.310700000000000	0.189300000000000
-0.310700000000000	0.250000000000000	-0.189300000000000
-0.189300000000000	-0.250000000000000	-0.310700000000000
-0.250000000000000	0.310700000000000	-0.189300000000000
0.310700000000000	0.250000000000000	0.189300000000000
0.310700000000000	-0.0429000000000000	0.310700000000000
0.189300000000000	0.250000000000000	-0.310700000000000
0.0429000000000000	-0.310700000000000	0.310700000000000
0.310700000000000	-0.189300000000000	-0.250000000000000
-0.310700000000000	-0.189300000000000	-0.250000000000000
-0.250000000000000	-0.189300000000000	0.310700000000000
0.189300000000000	-0.250000000000000	0.310700000000000
0.310700000000000	-0.250000000000000	0.189300000000000
0.250000000000000	0.189300000000000	-0.310700000000000
0.310700000000000	-0.250000000000000	-0.189300000000000
0.310700000000000	-0.310700000000000	0.0429000000000000
0.250000000000000	-0.189300000000000	-0.310700000000000
-0.189300000000000	-0.250000000000000	0.310700000000000
0.250000000000000	-0.189300000000000	0.310700000000000
-0.0429000000000000	-0.310700000000000	-0.310700000000000
-0.250000000000000	-0.310700000000000	-0.189300000000000
0.310700000000000	-0.0429000000000000	-0.310700000000000
-0.0429000000000000	-0.310700000000000	0.310700000000000
0.189300000000000	0.310700000000000	-0.250000000000000
-0.310700000000000	0.310700000000000	0.0429000000000000
-0.310700000000000	-0.189300000000000	0.250000000000000
0.0429000000000000	-0.310700000000000	-0.310700000000000
-0.189300000000000	-0.310700000000000	-0.250000000000000
-0.310700000000000	-0.310700000000000	-0.0429000000000000
0.250000000000000	-0.310700000000000	-0.189300000000000
0.310700000000000	0.0429000000000000	-0.310700000000000
0.310700000000000	-0.189300000000000	0.250000000000000
-0.310700000000000	-0.250000000000000	-0.189300000000000
0.310700000000000	-0.310700000000000	-0.0429000000000000
0.189300000000000	-0.250000000000000	-0.310700000000000
0.310700000000000	0.310700000000000	0.0429000000000000
0.189300000000000	-0.310700000000000	-0.250000000000000
-0.189300000000000	-0.310700000000000	0.250000000000000
0.310700000000000	0.189300000000000	-0.250000000000000
0.310700000000000	0.310700000000000	-0.0429000000000000
-0.310700000000000	-0.310700000000000	0.0429000000000000
-0.310700000000000	0.310700000000000	-0.0429000000000000
-0.310700000000000	-0.250000000000000	0.189300000000000
0.250000000000000	0.310700000000000	-0.189300000000000
-0.250000000000000	-0.310700000000000	0.189300000000000
0.310700000000000	0.250000000000000	-0.189300000000000
-0.128700000000000	0.310700000000000	0.310700000000000
0.128700000000000	0.310700000000000	0.310700000000000
-0.310700000000000	0.128700000000000	-0.310700000000000
-0.128700000000000	0.310700000000000	-0.310700000000000
-0.310700000000000	0.128700000000000	0.310700000000000
-0.310700000000000	-0.128700000000000	-0.310700000000000
0.310700000000000	0.128700000000000	0.310700000000000
0.128700000000000	-0.310700000000000	0.310700000000000
0.128700000000000	0.310700000000000	-0.310700000000000
0.310700000000000	-0.310700000000000	0.128700000000000
-0.310700000000000	0.310700000000000	0.128700000000000
-0.310700000000000	-0.128700000000000	0.310700000000000
0.310700000000000	-0.128700000000000	-0.310700000000000
-0.128700000000000	-0.310700000000000	-0.310700000000000
0.310700000000000	0.310700000000000	0.128700000000000
-0.310700000000000	-0.310700000000000	-0.128700000000000
0.310700000000000	-0.128700000000000	0.310700000000000
-0.310700000000000	0.310700000000000	-0.128700000000000
0.310700000000000	-0.310700000000000	-0.128700000000000
0.310700000000000	0.128700000000000	-0.310700000000000
-0.128700000000000	-0.310700000000000	0.310700000000000
0.128700000000000	-0.310700000000000	-0.310700000000000
0.310700000000000	0.310700000000000	-0.128700000000000
-0.310700000000000	-0.310700000000000	0.128700000000000
0	0.207100000000000	0.414200000000000
-0.146400000000000	0.146400000000000	0.414200000000000
0.146400000000000	0.146400000000000	0.414200000000000
-0.146400000000000	-0.146400000000000	-0.414200000000000
0.207100000000000	0	0.414200000000000
0.146400000000000	-0.414200000000000	0.146400000000000
0	-0.207100000000000	-0.414200000000000
0.207100000000000	0	-0.414200000000000
0	-0.414200000000000	0.207100000000000
0.146400000000000	-0.146400000000000	-0.414200000000000
0.207100000000000	-0.414200000000000	0
0.414200000000000	-0.146400000000000	-0.146400000000000
0.414200000000000	0.207100000000000	0
0.414200000000000	0.146400000000000	0.146400000000000
0	0.414200000000000	-0.207100000000000
0.414200000000000	0	-0.207100000000000
-0.146400000000000	0.414200000000000	-0.146400000000000
-0.146400000000000	-0.414200000000000	0.146400000000000
0.414200000000000	0	0.207100000000000
0.207100000000000	0.414200000000000	0
0.414200000000000	-0.207100000000000	0
0.414200000000000	0.146400000000000	-0.146400000000000
0.146400000000000	0.414200000000000	-0.146400000000000
0.414200000000000	-0.146400000000000	0.146400000000000
-0.0858000000000000	0.207100000000000	0.414200000000000
0.0858000000000000	0.207100000000000	0.414200000000000
-0.207100000000000	0.0858000000000000	0.414200000000000
0.207100000000000	0.0858000000000000	0.414200000000000
-0.0858000000000000	-0.207100000000000	-0.414200000000000
0.0858000000000000	-0.414200000000000	0.207100000000000
0.207100000000000	-0.414200000000000	0.0858000000000000
0.207100000000000	0.0858000000000000	-0.414200000000000
0.0858000000000000	-0.207100000000000	-0.414200000000000
0.207100000000000	-0.0858000000000000	-0.414200000000000
0.414200000000000	-0.0858000000000000	-0.207100000000000
-0.0858000000000000	-0.414200000000000	0.207100000000000
0.414200000000000	0.207100000000000	0.0858000000000000
-0.0858000000000000	0.414200000000000	-0.207100000000000
0.414200000000000	-0.207100000000000	-0.0858000000000000
0.207100000000000	0.414200000000000	0.0858000000000000
0.414200000000000	0.0858000000000000	0.207100000000000
0.0858000000000000	0.414200000000000	-0.207100000000000
0.414200000000000	0.207100000000000	-0.0858000000000000
0.414200000000000	0.0858000000000000	-0.207100000000000
0.414200000000000	-0.207100000000000	0.0858000000000000
-0.207100000000000	0.414200000000000	-0.0858000000000000
0.414200000000000	-0.0858000000000000	0.207100000000000
0.207100000000000	0.414200000000000	-0.0858000000000000
-0.0429000000000000	0.310700000000000	0.414200000000000
0.0429000000000000	0.310700000000000	0.414200000000000
-0.189300000000000	0.250000000000000	0.414200000000000
-0.250000000000000	0.189300000000000	0.414200000000000
0.189300000000000	0.250000000000000	0.414200000000000
0.189300000000000	-0.414200000000000	0.250000000000000
0.250000000000000	-0.414200000000000	0.189300000000000
0.250000000000000	0.189300000000000	0.414200000000000
-0.250000000000000	-0.189300000000000	-0.414200000000000
0.0429000000000000	-0.414200000000000	0.310700000000000
0.414200000000000	-0.189300000000000	-0.250000000000000
-0.189300000000000	-0.250000000000000	-0.414200000000000
0.310700000000000	-0.414200000000000	0.0429000000000000
0.310700000000000	0.0429000000000000	0.414200000000000
0.414200000000000	-0.250000000000000	-0.189300000000000
-0.0429000000000000	0.414200000000000	-0.310700000000000
-0.0429000000000000	-0.414200000000000	0.310700000000000
0.414200000000000	-0.0429000000000000	-0.310700000000000
0.310700000000000	-0.0429000000000000	0.414200000000000
0.0429000000000000	0.414200000000000	-0.310700000000000
-0.189300000000000	0.414200000000000	-0.250000000000000
0.414200000000000	0.310700000000000	0.0429000000000000
0.414200000000000	0.250000000000000	0.189300000000000
-0.0429000000000000	-0.310700000000000	-0.414200000000000
0.310700000000000	-0.414200000000000	-0.0429000000000000
0.250000000000000	-0.189300000000000	-0.414200000000000
0.414200000000000	0.310700000000000	-0.0429000000000000
0.310700000000000	-0.0429000000000000	-0.414200000000000
0.414200000000000	0.189300000000000	0.250000000000000
0.0429000000000000	-0.310700000000000	-0.414200000000000
0.414200000000000	0.0429000000000000	-0.310700000000000
0.310700000000000	0.0429000000000000	-0.414200000000000
0.414200000000000	-0.250000000000000	0.189300000000000
-0.250000000000000	0.414200000000000	-0.189300000000000
0.414200000000000	0.0429000000000000	0.310700000000000
0.414200000000000	-0.310700000000000	0.0429000000000000
0.414200000000000	-0.310700000000000	-0.0429000000000000
0.189300000000000	-0.250000000000000	-0.414200000000000
0.414200000000000	-0.0429000000000000	0.310700000000000
0.310700000000000	0.414200000000000	0.0429000000000000
-0.189300000000000	-0.414200000000000	0.250000000000000
0.414200000000000	-0.189300000000000	0.250000000000000
0.189300000000000	0.414200000000000	-0.250000000000000
0.310700000000000	0.414200000000000	-0.0429000000000000
0.414200000000000	0.250000000000000	-0.189300000000000
-0.250000000000000	-0.414200000000000	0.189300000000000
0.250000000000000	0.414200000000000	-0.189300000000000
0.414200000000000	0.189300000000000	-0.250000000000000
-0.128700000000000	0.310700000000000	0.414200000000000
0.128700000000000	0.310700000000000	0.414200000000000
0.128700000000000	-0.414200000000000	0.310700000000000
-0.310700000000000	0.128700000000000	0.414200000000000
0.310700000000000	-0.414200000000000	0.128700000000000
0.414200000000000	-0.128700000000000	-0.310700000000000
0.310700000000000	0.128700000000000	0.414200000000000
-0.128700000000000	0.414200000000000	-0.310700000000000
0.414200000000000	0.310700000000000	0.128700000000000
0.310700000000000	-0.128700000000000	-0.414200000000000
0.414200000000000	-0.310700000000000	-0.128700000000000
-0.128700000000000	-0.310700000000000	-0.414200000000000
0.414200000000000	-0.310700000000000	0.128700000000000
0.310700000000000	0.128700000000000	-0.414200000000000
0.414200000000000	0.128700000000000	0.310700000000000
0.128700000000000	0.414200000000000	-0.310700000000000
-0.128700000000000	-0.414200000000000	0.310700000000000
0.414200000000000	0.310700000000000	-0.128700000000000
0.310700000000000	0.414200000000000	0.128700000000000
0.128700000000000	-0.310700000000000	-0.414200000000000
0.414200000000000	0.128700000000000	-0.310700000000000
-0.310700000000000	0.414200000000000	-0.128700000000000
0.414200000000000	-0.128700000000000	0.310700000000000
0.310700000000000	0.414200000000000	-0.128700000000000
0.292900000000000	-0.353600000000000	0.353600000000000
0.353600000000000	-0.292900000000000	-0.353600000000000
0.353600000000000	-0.353600000000000	0.292900000000000
0.353600000000000	-0.353600000000000	-0.292900000000000
0.292900000000000	0.353600000000000	0.353600000000000
0.292900000000000	-0.353600000000000	-0.353600000000000
0.353600000000000	-0.292900000000000	0.353600000000000
0.353600000000000	0.292900000000000	0.353600000000000
0.353600000000000	0.353600000000000	0.292900000000000
0.292900000000000	0.353600000000000	-0.353600000000000
0.353600000000000	0.292900000000000	-0.353600000000000
0.353600000000000	0.353600000000000	-0.292900000000000
0.292900000000000	-0.414200000000000	0.292900000000000
0.414200000000000	-0.292900000000000	-0.292900000000000
0.292900000000000	0.292900000000000	0.414200000000000
0.292900000000000	-0.292900000000000	-0.414200000000000
0.414200000000000	0	-0.414200000000000
0.414200000000000	-0.292900000000000	0.292900000000000
0.414200000000000	-0.414200000000000	0
0.414200000000000	0.414200000000000	0
0.414200000000000	0.292900000000000	0.292900000000000
0.414200000000000	0	0.414200000000000
0.292900000000000	0.414200000000000	-0.292900000000000
0.414200000000000	0.292900000000000	-0.292900000000000
0.232200000000000	-0.414200000000000	0.353600000000000
0.353600000000000	-0.414200000000000	0.232200000000000
0.414200000000000	-0.232200000000000	-0.353600000000000
0.232200000000000	0.353600000000000	0.414200000000000
0.353600000000000	-0.232200000000000	-0.414200000000000
0.414200000000000	-0.353600000000000	-0.232200000000000
0.414200000000000	-0.0858000000000000	-0.414200000000000
0.414200000000000	-0.353600000000000	0.232200000000000
0.414200000000000	-0.414200000000000	0.0858000000000000
0.353600000000000	0.232200000000000	0.414200000000000
0.414200000000000	0.414200000000000	0.0858000000000000
0.414200000000000	0.353600000000000	0.232200000000000
0.232200000000000	-0.353600000000000	-0.414200000000000
0.414200000000000	0.232200000000000	0.353600000000000
0.414200000000000	0.0858000000000000	0.414200000000000
0.414200000000000	-0.414200000000000	-0.0858000000000000
0.414200000000000	0.414200000000000	-0.0858000000000000
0.414200000000000	0.0858000000000000	-0.414200000000000
0.414200000000000	-0.232200000000000	0.353600000000000
0.232200000000000	0.414200000000000	-0.353600000000000
0.414200000000000	-0.0858000000000000	0.414200000000000
0.414200000000000	0.353600000000000	-0.232200000000000
0.353600000000000	0.414200000000000	-0.232200000000000
0.414200000000000	0.232200000000000	-0.353600000000000
0.414200000000000	-0.171600000000000	-0.414200000000000
0.414200000000000	-0.414200000000000	0.171600000000000
0.414200000000000	0.414200000000000	0.171600000000000
0.414200000000000	0.171600000000000	0.414200000000000
0.414200000000000	0.414200000000000	-0.171600000000000
0.414200000000000	0.171600000000000	-0.414200000000000
0	0	0	
0	0	0.103600000000000	
0	0.103600000000000	0	
-0.103600000000000	0	0	
0.103600000000000	0	0	
0	0	-0.103600000000000	
0	-0.103600000000000	0	
-0.0429000000000000	0.103600000000000	0.103600000000000	
0.0429000000000000	0.103600000000000	0.103600000000000	
-0.103600000000000	0.0429000000000000	0.103600000000000	
0.103600000000000	0.0429000000000000	0.103600000000000	
-0.103600000000000	0.103600000000000	0.0429000000000000	
-0.103600000000000	-0.0429000000000000	0.103600000000000	
0.103600000000000	0.103600000000000	0.0429000000000000	
0.103600000000000	-0.0429000000000000	0.103600000000000	
-0.0429000000000000	-0.103600000000000	0.103600000000000	
0.0429000000000000	-0.103600000000000	0.103600000000000	
-0.103600000000000	0.0429000000000000	-0.103600000000000	
-0.0429000000000000	0.103600000000000	-0.103600000000000	
-0.103600000000000	-0.0429000000000000	-0.103600000000000	
-0.103600000000000	0.103600000000000	-0.0429000000000000	
-0.103600000000000	-0.103600000000000	0.0429000000000000	
0.0429000000000000	0.103600000000000	-0.103600000000000	
0.103600000000000	0.103600000000000	-0.0429000000000000	
0.103600000000000	-0.103600000000000	0.0429000000000000	
-0.0429000000000000	-0.103600000000000	-0.103600000000000	
0.103600000000000	0.0429000000000000	-0.103600000000000	
0.0429000000000000	-0.103600000000000	-0.103600000000000	
0.103600000000000	-0.0429000000000000	-0.103600000000000	
-0.103600000000000	-0.103600000000000	-0.0429000000000000	
0.103600000000000	-0.103600000000000	-0.0429000000000000	
0	0	0.207100000000000	
0	0	-0.207100000000000	
0	0.207100000000000	0	
-0.207100000000000	0	0	
0.207100000000000	0	0	
0	-0.207100000000000	0	
-0.0429000000000000	0.103600000000000	0.207100000000000	
0.0429000000000000	0.103600000000000	0.207100000000000	
-0.103600000000000	0.0429000000000000	0.207100000000000	
0.103600000000000	0.0429000000000000	0.207100000000000	
-0.103600000000000	-0.0429000000000000	0.207100000000000	
-0.0429000000000000	0.207100000000000	0.103600000000000	
0.0429000000000000	0.207100000000000	0.103600000000000	
0.103600000000000	-0.0429000000000000	0.207100000000000	
-0.103600000000000	0.0429000000000000	-0.207100000000000	
-0.0429000000000000	0.103600000000000	-0.207100000000000	
-0.0429000000000000	-0.103600000000000	0.207100000000000	
0.0429000000000000	-0.103600000000000	0.207100000000000	
-0.103600000000000	-0.0429000000000000	-0.207100000000000	
0.0429000000000000	0.103600000000000	-0.207100000000000	
-0.103600000000000	0.207100000000000	0.0429000000000000	
-0.207100000000000	0.0429000000000000	0.103600000000000	
0.103600000000000	0.207100000000000	0.0429000000000000	
-0.0429000000000000	-0.103600000000000	-0.207100000000000	
0.207100000000000	0.0429000000000000	0.103600000000000	
0.103600000000000	0.0429000000000000	-0.207100000000000	
-0.207100000000000	0.103600000000000	0.0429000000000000	
-0.207100000000000	-0.0429000000000000	0.103600000000000	
0.0429000000000000	-0.103600000000000	-0.207100000000000	
0.103600000000000	-0.0429000000000000	-0.207100000000000	
-0.207100000000000	0.0429000000000000	-0.103600000000000	
0.207100000000000	0.103600000000000	0.0429000000000000	
0.207100000000000	-0.0429000000000000	0.103600000000000	
-0.0429000000000000	0.207100000000000	-0.103600000000000	
-0.103600000000000	0.207100000000000	-0.0429000000000000	
-0.207100000000000	-0.0429000000000000	-0.103600000000000	
0.103600000000000	0.207100000000000	-0.0429000000000000	
0.0429000000000000	0.207100000000000	-0.103600000000000	
-0.0429000000000000	-0.207100000000000	0.103600000000000	
-0.207100000000000	0.103600000000000	-0.0429000000000000
-0.207100000000000	-0.103600000000000	0.0429000000000000
0.0429000000000000	-0.207100000000000	0.103600000000000
0.207100000000000	0.103600000000000	-0.0429000000000000
0.207100000000000	-0.103600000000000	0.0429000000000000
-0.103600000000000	-0.207100000000000	0.0429000000000000
-0.207100000000000	-0.103600000000000	-0.0429000000000000
-0.0429000000000000	-0.207100000000000	-0.103600000000000
0.103600000000000	-0.207100000000000	0.0429000000000000
0.207100000000000	0.0429000000000000	-0.103600000000000
0.0429000000000000	-0.207100000000000	-0.103600000000000
0.207100000000000	-0.0429000000000000	-0.103600000000000
0.207100000000000	-0.103600000000000	-0.0429000000000000
-0.103600000000000	-0.207100000000000	-0.0429000000000000
0.103600000000000	-0.207100000000000	-0.0429000000000000
0	0.207100000000000	0.207100000000000
-0.146400000000000	0.146400000000000	0.207100000000000
0.146400000000000	0.146400000000000	0.207100000000000
-0.146400000000000	0.207100000000000	0.146400000000000
0.146400000000000	0.207100000000000	0.146400000000000
-0.207100000000000	0.146400000000000	0.146400000000000
-0.207100000000000	0	0.207100000000000
-0.146400000000000	0.146400000000000	-0.207100000000000
-0.207100000000000	0	-0.207100000000000
0.207100000000000	0.146400000000000	0.146400000000000
0.207100000000000	0	0.207100000000000
0	0.207100000000000	-0.207100000000000
-0.207100000000000	0.146400000000000	-0.146400000000000
-0.146400000000000	-0.146400000000000	0.207100000000000
-0.146400000000000	0.207100000000000	-0.146400000000000
-0.146400000000000	-0.146400000000000	-0.207100000000000
0.146400000000000	-0.146400000000000	0.207100000000000
0	-0.207100000000000	0.207100000000000
0.146400000000000	0.146400000000000	-0.207100000000000
-0.207100000000000	0.207100000000000	0
-0.207100000000000	-0.146400000000000	0.146400000000000
-0.207100000000000	-0.146400000000000	-0.146400000000000
0	-0.207100000000000	-0.207100000000000
0.207100000000000	0.207100000000000	0
0.207100000000000	-0.146400000000000	0.146400000000000
-0.146400000000000	-0.207100000000000	0.146400000000000
0.207100000000000	0	-0.207100000000000
0.146400000000000	0.207100000000000	-0.146400000000000
-0.146400000000000	-0.207100000000000	-0.146400000000000
0.146400000000000	-0.207100000000000	0.146400000000000
0.146400000000000	-0.146400000000000	-0.207100000000000
0.207100000000000	0.146400000000000	-0.146400000000000
0.207100000000000	-0.207100000000000	0
0.146400000000000	-0.207100000000000	-0.146400000000000
0.207100000000000	-0.146400000000000	-0.146400000000000
-0.207100000000000	-0.207100000000000	0
-0.0858000000000000	0.207100000000000	0.207100000000000
0.0858000000000000	0.207100000000000	0.207100000000000
-0.207100000000000	0.0858000000000000	0.207100000000000
0.207100000000000	0.0858000000000000	0.207100000000000
-0.207100000000000	0.0858000000000000	-0.207100000000000
-0.0858000000000000	0.207100000000000	-0.207100000000000
-0.207100000000000	0.207100000000000	0.0858000000000000
-0.207100000000000	-0.0858000000000000	0.207100000000000
-0.207100000000000	-0.0858000000000000	-0.207100000000000
0.207100000000000	0.207100000000000	0.0858000000000000
0.207100000000000	-0.0858000000000000	0.207100000000000
0.0858000000000000	0.207100000000000	-0.207100000000000
-0.0858000000000000	-0.207100000000000	0.207100000000000
0.0858000000000000	-0.207100000000000	0.207100000000000
-0.0858000000000000	-0.207100000000000	-0.207100000000000
-0.207100000000000	0.207100000000000	-0.0858000000000000
0.207100000000000	0.0858000000000000	-0.207100000000000
0.0858000000000000	-0.207100000000000	-0.207100000000000
0.207100000000000	-0.0858000000000000	-0.207100000000000
0.207100000000000	-0.207100000000000	0.0858000000000000
-0.207100000000000	-0.207100000000000	0.0858000000000000
0.207100000000000	0.207100000000000	-0.0858000000000000
-0.207100000000000	-0.207100000000000	-0.0858000000000000
0.207100000000000	-0.207100000000000	-0.0858000000000000
0	0	0.310700000000000
0	0	-0.310700000000000
0	0.310700000000000	0
-0.310700000000000	0	0
0	-0.310700000000000	0
0.310700000000000	0	0
-0.0429000000000000	0.103600000000000	0.310700000000000
0.0429000000000000	0.103600000000000	0.310700000000000
-0.103600000000000	0.0429000000000000	0.310700000000000
0.103600000000000	0.0429000000000000	0.310700000000000
-0.103600000000000	0.0429000000000000	-0.310700000000000
-0.0429000000000000	0.103600000000000	-0.310700000000000
-0.103600000000000	-0.0429000000000000	0.310700000000000
-0.103600000000000	-0.0429000000000000	-0.310700000000000
0.103600000000000	-0.0429000000000000	0.310700000000000
0.0429000000000000	0.103600000000000	-0.310700000000000
-0.0429000000000000	-0.103600000000000	0.310700000000000
0.0429000000000000	-0.103600000000000	0.310700000000000
-0.0429000000000000	-0.103600000000000	-0.310700000000000
0.103600000000000	0.0429000000000000	-0.310700000000000
-0.0429000000000000	0.310700000000000	0.103600000000000
0.0429000000000000	0.310700000000000	0.103600000000000
0.0429000000000000	-0.103600000000000	-0.310700000000000
0.103600000000000	-0.0429000000000000	-0.310700000000000
-0.103600000000000	0.310700000000000	0.0429000000000000
0.103600000000000	0.310700000000000	0.0429000000000000
-0.310700000000000	0.0429000000000000	0.103600000000000
-0.310700000000000	0.0429000000000000	-0.103600000000000
-0.310700000000000	0.103600000000000	0.0429000000000000
-0.310700000000000	-0.0429000000000000	0.103600000000000
0.0429000000000000	-0.310700000000000	0.103600000000000
0.310700000000000	0.0429000000000000	0.103600000000000
-0.103600000000000	0.310700000000000	-0.0429000000000000
0.103600000000000	-0.310700000000000	0.0429000000000000
-0.310700000000000	-0.0429000000000000	-0.103600000000000
-0.0429000000000000	0.310700000000000	-0.103600000000000
0.103600000000000	0.310700000000000	-0.0429000000000000
0.310700000000000	0.103600000000000	0.0429000000000000
0.310700000000000	-0.0429000000000000	0.103600000000000
0.0429000000000000	0.310700000000000	-0.103600000000000
-0.0429000000000000	-0.310700000000000	0.103600000000000
-0.310700000000000	0.103600000000000	-0.0429000000000000
0.103600000000000	-0.310700000000000	-0.0429000000000000
-0.310700000000000	-0.103600000000000	0.0429000000000000
-0.310700000000000	-0.103600000000000	-0.0429000000000000
0.310700000000000	0.103600000000000	-0.0429000000000000
0.310700000000000	-0.103600000000000	0.0429000000000000
0.310700000000000	-0.0429000000000000	-0.103600000000000
-0.103600000000000	-0.310700000000000	0.0429000000000000
0.310700000000000	-0.103600000000000	-0.0429000000000000
0.0429000000000000	-0.310700000000000	-0.103600000000000
-0.0429000000000000	-0.310700000000000	-0.103600000000000
-0.103600000000000	-0.310700000000000	-0.0429000000000000
0.310700000000000	0.0429000000000000	-0.103600000000000
0	0.207100000000000	0.310700000000000
-0.146400000000000	0.146400000000000	0.310700000000000
0.146400000000000	0.146400000000000	0.310700000000000
-0.146400000000000	0.146400000000000	-0.310700000000000
-0.207100000000000	0	-0.310700000000000
0	0.310700000000000	0.207100000000000
-0.207100000000000	0	0.310700000000000
0	0.207100000000000	-0.310700000000000
0.207100000000000	0	0.310700000000000
-0.146400000000000	0.310700000000000	0.146400000000000
-0.146400000000000	-0.146400000000000	-0.310700000000000
0.146400000000000	0.310700000000000	0.146400000000000
-0.146400000000000	-0.146400000000000	0.310700000000000
0.146400000000000	0.146400000000000	-0.310700000000000
-0.310700000000000	0	-0.207100000000000
0.146400000000000	-0.146400000000000	0.310700000000000
-0.310700000000000	0.146400000000000	0.146400000000000
-0.310700000000000	0	0.207100000000000
0	-0.207100000000000	0.310700000000000
0	-0.207100000000000	-0.310700000000000
0	0.310700000000000	-0.207100000000000
0.146400000000000	-0.310700000000000	0.146400000000000
0.207100000000000	0	-0.310700000000000
-0.310700000000000	0.146400000000000	-0.146400000000000
0.310700000000000	0.146400000000000	0.146400000000000
0.310700000000000	0	0.207100000000000
0.146400000000000	-0.146400000000000	-0.310700000000000
-0.146400000000000	0.310700000000000	-0.146400000000000
0	-0.310700000000000	0.207100000000000
-0.207100000000000	0.310700000000000	0
0.207100000000000	-0.310700000000000	0
-0.310700000000000	-0.146400000000000	-0.146400000000000
0.207100000000000	0.310700000000000	0
-0.310700000000000	0.207100000000000	0
-0.310700000000000	-0.146400000000000	0.146400000000000
0.310700000000000	-0.146400000000000	-0.146400000000000
0.146400000000000	0.310700000000000	-0.146400000000000
0.310700000000000	0.207100000000000	0
0.310700000000000	-0.146400000000000	0.146400000000000
0.310700000000000	0	-0.207100000000000
0	-0.310700000000000	-0.207100000000000
-0.146400000000000	-0.310700000000000	-0.146400000000000
-0.146400000000000	-0.310700000000000	0.146400000000000
-0.207100000000000	-0.310700000000000	0
0.310700000000000	-0.207100000000000	0
0.146400000000000	-0.310700000000000	-0.146400000000000
0.310700000000000	0.146400000000000	-0.146400000000000
-0.310700000000000	-0.207100000000000	0
-0.0858000000000000	0.207100000000000	0.310700000000000
0.0858000000000000	0.207100000000000	0.310700000000000
-0.207100000000000	0.0858000000000000	-0.310700000000000
-0.207100000000000	0.0858000000000000	0.310700000000000
-0.0858000000000000	0.207100000000000	-0.310700000000000
-0.0858000000000000	0.310700000000000	0.207100000000000
0.0858000000000000	0.310700000000000	0.207100000000000
0.207100000000000	0.0858000000000000	0.310700000000000
-0.207100000000000	-0.0858000000000000	-0.310700000000000
0.0858000000000000	0.207100000000000	-0.310700000000000
-0.207100000000000	-0.0858000000000000	0.310700000000000
-0.310700000000000	0.0858000000000000	0.207100000000000
-0.310700000000000	0.0858000000000000	-0.207100000000000
0.207100000000000	-0.0858000000000000	0.310700000000000
-0.0858000000000000	-0.207100000000000	-0.310700000000000
-0.0858000000000000	0.310700000000000	-0.207100000000000
-0.207100000000000	0.310700000000000	0.0858000000000000
-0.0858000000000000	-0.207100000000000	0.310700000000000
0.310700000000000	0.0858000000000000	0.207100000000000
0.207100000000000	0.0858000000000000	-0.310700000000000
-0.310700000000000	-0.0858000000000000	-0.207100000000000
0.0858000000000000	-0.207100000000000	0.310700000000000
0.0858000000000000	-0.310700000000000	0.207100000000000
0.207100000000000	0.310700000000000	0.0858000000000000
-0.310700000000000	0.207100000000000	0.0858000000000000
0.207100000000000	-0.310700000000000	0.0858000000000000
-0.310700000000000	-0.0858000000000000	0.207100000000000
0.0858000000000000	-0.207100000000000	-0.310700000000000
0.0858000000000000	0.310700000000000	-0.207100000000000
0.207100000000000	-0.0858000000000000	-0.310700000000000
0.310700000000000	0.207100000000000	0.0858000000000000
0.310700000000000	-0.0858000000000000	0.207100000000000
-0.310700000000000	0.207100000000000	-0.0858000000000000
0.310700000000000	-0.0858000000000000	-0.207100000000000
-0.207100000000000	0.310700000000000	-0.0858000000000000
-0.0858000000000000	-0.310700000000000	0.207100000000000
-0.0858000000000000	-0.310700000000000	-0.207100000000000
-0.207100000000000	-0.310700000000000	-0.0858000000000000
0.310700000000000	-0.207100000000000	0.0858000000000000
0.310700000000000	-0.207100000000000	-0.0858000000000000
0.207100000000000	-0.310700000000000	-0.0858000000000000
0.310700000000000	0.0858000000000000	-0.207100000000000
0.207100000000000	0.310700000000000	-0.0858000000000000
-0.310700000000000	-0.207100000000000	-0.0858000000000000
0.0858000000000000	-0.310700000000000	-0.207100000000000
-0.310700000000000	-0.207100000000000	0.0858000000000000
0.310700000000000	0.207100000000000	-0.0858000000000000
-0.207100000000000	-0.310700000000000	0.0858000000000000
0	0	0.414200000000000
0	0.414200000000000	0
0.414200000000000	0	0
-0.0429000000000000	0.103600000000000	0.414200000000000
0.0429000000000000	0.103600000000000	0.414200000000000
-0.103600000000000	0.0429000000000000	0.414200000000000
0.103600000000000	0.0429000000000000	0.414200000000000
-0.0429000000000000	-0.103600000000000	-0.414200000000000
0.103600000000000	0.0429000000000000	-0.414200000000000
0.0429000000000000	-0.103600000000000	-0.414200000000000
0.103600000000000	-0.0429000000000000	-0.414200000000000
0.0429000000000000	-0.414200000000000	0.103600000000000
0.103600000000000	-0.414200000000000	0.0429000000000000
-0.0429000000000000	-0.414200000000000	0.103600000000000
0.103600000000000	0.414200000000000	0.0429000000000000
0.414200000000000	0.103600000000000	0.0429000000000000
0.414200000000000	-0.0429000000000000	-0.103600000000000
-0.103600000000000	0.414200000000000	-0.0429000000000000
0.103600000000000	0.414200000000000	-0.0429000000000000
0.414200000000000	-0.103600000000000	-0.0429000000000000
0.414200000000000	0.103600000000000	-0.0429000000000000
0.414200000000000	0.0429000000000000	0.103600000000000
-0.0429000000000000	0.414200000000000	-0.103600000000000
0.414200000000000	0.0429000000000000	-0.103600000000000
0.0429000000000000	0.414200000000000	-0.103600000000000
0.414200000000000	-0.0429000000000000	0.103600000000000
0.414200000000000	-0.103600000000000	0.0429000000000000
-0.250000000000000	0.250000000000000	0.250000000000000
-0.250000000000000	0.250000000000000	-0.250000000000000
0.250000000000000	0.250000000000000	0.250000000000000
0.250000000000000	-0.250000000000000	0.250000000000000
-0.250000000000000	-0.250000000000000	-0.250000000000000
0.250000000000000	-0.250000000000000	-0.250000000000000
0.250000000000000	0.250000000000000	-0.250000000000000
-0.250000000000000	-0.250000000000000	0.250000000000000
-0.0429000000000000	0.310700000000000	0.310700000000000
0.0429000000000000	0.310700000000000	0.310700000000000
-0.189300000000000	0.250000000000000	0.310700000000000
-0.250000000000000	0.189300000000000	0.310700000000000
-0.250000000000000	0.189300000000000	-0.310700000000000
0.189300000000000	0.250000000000000	0.310700000000000
-0.189300000000000	0.250000000000000	-0.310700000000000
-0.189300000000000	0.310700000000000	0.250000000000000
-0.310700000000000	0.0429000000000000	-0.310700000000000
0.250000000000000	0.189300000000000	0.310700000000000
-0.310700000000000	-0.0429000000000000	-0.310700000000000
0.189300000000000	0.310700000000000	0.250000000000000
-0.0429000000000000	0.310700000000000	-0.310700000000000
-0.310700000000000	0.189300000000000	0.250000000000000
-0.310700000000000	0.0429000000000000	0.310700000000000
-0.310700000000000	0.189300000000000	-0.250000000000000
-0.250000000000000	0.310700000000000	0.189300000000000
0.0429000000000000	0.310700000000000	-0.310700000000000
-0.189300000000000	0.310700000000000	-0.250000000000000
-0.310700000000000	0.250000000000000	0.189300000000000
-0.310700000000000	-0.0429000000000000	0.310700000000000
-0.250000000000000	-0.189300000000000	-0.310700000000000
0.310700000000000	0.189300000000000	0.250000000000000
0.189300000000000	-0.310700000000000	0.250000000000000
0.310700000000000	0.0429000000000000	0.310700000000000
0.250000000000000	0.310700000000000	0.189300000000000
0.250000000000000	-0.310700000000000	0.189300000000000
-0.310700000000000	0.250000000000000	-0.189300000000000
-0.189300000000000	-0.250000000000000	-0.310700000000000
-0.250000000000000	0.310700000000000	-0.189300000000000
0.310700000000000	0.250000000000000	0.189300000000000
0.310700000000000	-0.0429000000000000	0.310700000000000
0.189300000000000	0.250000000000000	-0.310700000000000
0.0429000000000000	-0.310700000000000	0.310700000000000
0.310700000000000	-0.189300000000000	-0.250000000000000
-0.310700000000000	-0.189300000000000	-0.250000000000000
-0.250000000000000	-0.189300000000000	0.310700000000000
0.189300000000000	-0.250000000000000	0.310700000000000
0.310700000000000	-0.250000000000000	0.189300000000000
0.250000000000000	0.189300000000000	-0.310700000000000
0.310700000000000	-0.250000000000000	-0.189300000000000
0.310700000000000	-0.310700000000000	0.0429000000000000
0.250000000000000	-0.189300000000000	-0.310700000000000
-0.189300000000000	-0.250000000000000	0.310700000000000
0.250000000000000	-0.189300000000000	0.310700000000000
-0.0429000000000000	-0.310700000000000	-0.310700000000000
-0.250000000000000	-0.310700000000000	-0.189300000000000
0.310700000000000	-0.0429000000000000	-0.310700000000000
-0.0429000000000000	-0.310700000000000	0.310700000000000
0.189300000000000	0.310700000000000	-0.250000000000000
-0.310700000000000	0.310700000000000	0.0429000000000000
-0.310700000000000	-0.189300000000000	0.250000000000000
0.0429000000000000	-0.310700000000000	-0.310700000000000
-0.189300000000000	-0.310700000000000	-0.250000000000000
-0.310700000000000	-0.310700000000000	-0.0429000000000000
0.250000000000000	-0.310700000000000	-0.189300000000000
0.310700000000000	0.0429000000000000	-0.310700000000000
0.310700000000000	-0.189300000000000	0.250000000000000
-0.310700000000000	-0.250000000000000	-0.189300000000000
0.310700000000000	-0.310700000000000	-0.0429000000000000
0.189300000000000	-0.250000000000000	-0.310700000000000
0.310700000000000	0.310700000000000	0.0429000000000000
0.189300000000000	-0.310700000000000	-0.250000000000000
-0.189300000000000	-0.310700000000000	0.250000000000000
0.310700000000000	0.189300000000000	-0.250000000000000
0.310700000000000	0.310700000000000	-0.0429000000000000
-0.310700000000000	-0.310700000000000	0.0429000000000000
-0.310700000000000	0.310700000000000	-0.0429000000000000
-0.310700000000000	-0.250000000000000	0.189300000000000
0.250000000000000	0.310700000000000	-0.189300000000000
-0.250000000000000	-0.310700000000000	0.189300000000000
0.310700000000000	0.250000000000000	-0.189300000000000
-0.128700000000000	0.310700000000000	0.310700000000000
0.128700000000000	0.310700000000000	0.310700000000000
-0.310700000000000	0.128700000000000	-0.310700000000000
-0.128700000000000	0.310700000000000	-0.310700000000000
-0.310700000000000	0.128700000000000	0.310700000000000
-0.310700000000000	-0.128700000000000	-0.310700000000000
0.310700000000000	0.128700000000000	0.310700000000000
0.128700000000000	-0.310700000000000	0.310700000000000
0.128700000000000	0.310700000000000	-0.310700000000000
0.310700000000000	-0.310700000000000	0.128700000000000
-0.310700000000000	0.310700000000000	0.128700000000000
-0.310700000000000	-0.128700000000000	0.310700000000000
0.310700000000000	-0.128700000000000	-0.310700000000000
-0.128700000000000	-0.310700000000000	-0.310700000000000
0.310700000000000	0.310700000000000	0.128700000000000
-0.310700000000000	-0.310700000000000	-0.128700000000000
0.310700000000000	-0.128700000000000	0.310700000000000
-0.310700000000000	0.310700000000000	-0.128700000000000
0.310700000000000	-0.310700000000000	-0.128700000000000
0.310700000000000	0.128700000000000	-0.310700000000000
-0.128700000000000	-0.310700000000000	0.310700000000000
0.128700000000000	-0.310700000000000	-0.310700000000000
0.310700000000000	0.310700000000000	-0.128700000000000
-0.310700000000000	-0.310700000000000	0.128700000000000
0	0.207100000000000	0.414200000000000
-0.146400000000000	0.146400000000000	0.414200000000000
0.146400000000000	0.146400000000000	0.414200000000000
-0.146400000000000	-0.146400000000000	-0.414200000000000
0.207100000000000	0	0.414200000000000
0.146400000000000	-0.414200000000000	0.146400000000000
0	-0.207100000000000	-0.414200000000000
0.207100000000000	0	-0.414200000000000
0	-0.414200000000000	0.207100000000000
0.146400000000000	-0.146400000000000	-0.414200000000000
0.207100000000000	-0.414200000000000	0
0.414200000000000	-0.146400000000000	-0.146400000000000
0.414200000000000	0.207100000000000	0
0.414200000000000	0.146400000000000	0.146400000000000
0	0.414200000000000	-0.207100000000000
0.414200000000000	0	-0.207100000000000
-0.146400000000000	0.414200000000000	-0.146400000000000
-0.146400000000000	-0.414200000000000	0.146400000000000
0.414200000000000	0	0.207100000000000
0.207100000000000	0.414200000000000	0
0.414200000000000	-0.207100000000000	0
0.414200000000000	0.146400000000000	-0.146400000000000
0.146400000000000	0.414200000000000	-0.146400000000000
0.414200000000000	-0.146400000000000	0.146400000000000
-0.0858000000000000	0.207100000000000	0.414200000000000
0.0858000000000000	0.207100000000000	0.414200000000000
-0.207100000000000	0.0858000000000000	0.414200000000000
0.207100000000000	0.0858000000000000	0.414200000000000
-0.0858000000000000	-0.207100000000000	-0.414200000000000
0.0858000000000000	-0.414200000000000	0.207100000000000
0.207100000000000	-0.414200000000000	0.0858000000000000
0.207100000000000	0.0858000000000000	-0.414200000000000
0.0858000000000000	-0.207100000000000	-0.414200000000000
0.207100000000000	-0.0858000000000000	-0.414200000000000
0.414200000000000	-0.0858000000000000	-0.207100000000000
-0.0858000000000000	-0.414200000000000	0.207100000000000
0.414200000000000	0.207100000000000	0.0858000000000000
-0.0858000000000000	0.414200000000000	-0.207100000000000
0.414200000000000	-0.207100000000000	-0.0858000000000000
0.207100000000000	0.414200000000000	0.0858000000000000
0.414200000000000	0.0858000000000000	0.207100000000000
0.0858000000000000	0.414200000000000	-0.207100000000000
0.414200000000000	0.207100000000000	-0.0858000000000000
0.414200000000000	0.0858000000000000	-0.207100000000000
0.414200000000000	-0.207100000000000	0.0858000000000000
-0.207100000000000	0.414200000000000	-0.0858000000000000
0.414200000000000	-0.0858000000000000	0.207100000000000
0.207100000000000	0.414200000000000	-0.0858000000000000
-0.0429000000000000	0.310700000000000	0.414200000000000
0.0429000000000000	0.310700000000000	0.414200000000000
-0.189300000000000	0.250000000000000	0.414200000000000
-0.250000000000000	0.189300000000000	0.414200000000000
0.189300000000000	0.250000000000000	0.414200000000000
0.189300000000000	-0.414200000000000	0.250000000000000
0.250000000000000	-0.414200000000000	0.189300000000000
0.250000000000000	0.189300000000000	0.414200000000000
-0.250000000000000	-0.189300000000000	-0.414200000000000
0.0429000000000000	-0.414200000000000	0.310700000000000
0.414200000000000	-0.189300000000000	-0.250000000000000
-0.189300000000000	-0.250000000000000	-0.414200000000000
0.310700000000000	-0.414200000000000	0.0429000000000000
0.310700000000000	0.0429000000000000	0.414200000000000
0.414200000000000	-0.250000000000000	-0.189300000000000
-0.0429000000000000	0.414200000000000	-0.310700000000000
-0.0429000000000000	-0.414200000000000	0.310700000000000
0.414200000000000	-0.0429000000000000	-0.310700000000000
0.310700000000000	-0.0429000000000000	0.414200000000000
0.0429000000000000	0.414200000000000	-0.310700000000000
-0.189300000000000	0.414200000000000	-0.250000000000000
0.414200000000000	0.310700000000000	0.0429000000000000
0.414200000000000	0.250000000000000	0.189300000000000
-0.0429000000000000	-0.310700000000000	-0.414200000000000
0.310700000000000	-0.414200000000000	-0.0429000000000000
0.250000000000000	-0.189300000000000	-0.414200000000000
0.414200000000000	0.310700000000000	-0.0429000000000000
0.310700000000000	-0.0429000000000000	-0.414200000000000
0.414200000000000	0.189300000000000	0.250000000000000
0.0429000000000000	-0.310700000000000	-0.414200000000000
0.414200000000000	0.0429000000000000	-0.310700000000000
0.310700000000000	0.0429000000000000	-0.414200000000000
0.414200000000000	-0.250000000000000	0.189300000000000
-0.250000000000000	0.414200000000000	-0.189300000000000
0.414200000000000	0.0429000000000000	0.310700000000000
0.414200000000000	-0.310700000000000	0.0429000000000000
0.414200000000000	-0.310700000000000	-0.0429000000000000
0.189300000000000	-0.250000000000000	-0.414200000000000
0.414200000000000	-0.0429000000000000	0.310700000000000
0.310700000000000	0.414200000000000	0.0429000000000000
-0.189300000000000	-0.414200000000000	0.250000000000000
0.414200000000000	-0.189300000000000	0.250000000000000
0.189300000000000	0.414200000000000	-0.250000000000000
0.310700000000000	0.414200000000000	-0.0429000000000000
0.414200000000000	0.250000000000000	-0.189300000000000
-0.250000000000000	-0.414200000000000	0.189300000000000
0.250000000000000	0.414200000000000	-0.189300000000000
0.414200000000000	0.189300000000000	-0.250000000000000
-0.128700000000000	0.310700000000000	0.414200000000000
0.128700000000000	0.310700000000000	0.414200000000000
0.128700000000000	-0.414200000000000	0.310700000000000
-0.310700000000000	0.128700000000000	0.414200000000000
0.310700000000000	-0.414200000000000	0.128700000000000
0.414200000000000	-0.128700000000000	-0.310700000000000
0.310700000000000	0.128700000000000	0.414200000000000
-0.128700000000000	0.414200000000000	-0.310700000000000
0.414200000000000	0.310700000000000	0.128700000000000
0.310700000000000	-0.128700000000000	-0.414200000000000
0.414200000000000	-0.310700000000000	-0.128700000000000
-0.128700000000000	-0.310700000000000	-0.414200000000000
0.414200000000000	-0.310700000000000	0.128700000000000
0.310700000000000	0.128700000000000	-0.414200000000000
0.414200000000000	0.128700000000000	0.310700000000000
0.128700000000000	0.414200000000000	-0.310700000000000
-0.128700000000000	-0.414200000000000	0.310700000000000
0.414200000000000	0.310700000000000	-0.128700000000000
0.310700000000000	0.414200000000000	0.128700000000000
0.128700000000000	-0.310700000000000	-0.414200000000000
0.414200000000000	0.128700000000000	-0.310700000000000
-0.310700000000000	0.414200000000000	-0.128700000000000
0.414200000000000	-0.128700000000000	0.310700000000000
0.310700000000000	0.414200000000000	-0.128700000000000
0.292900000000000	-0.353600000000000	0.353600000000000
0.353600000000000	-0.292900000000000	-0.353600000000000
0.353600000000000	-0.353600000000000	0.292900000000000
0.353600000000000	-0.353600000000000	-0.292900000000000
0.292900000000000	0.353600000000000	0.353600000000000
0.292900000000000	-0.353600000000000	-0.353600000000000
0.353600000000000	-0.292900000000000	0.353600000000000
0.353600000000000	0.292900000000000	0.353600000000000
0.353600000000000	0.353600000000000	0.292900000000000
0.292900000000000	0.353600000000000	-0.353600000000000
0.353600000000000	0.292900000000000	-0.353600000000000
0.353600000000000	0.353600000000000	-0.292900000000000
0.292900000000000	-0.414200000000000	0.292900000000000
0.414200000000000	-0.292900000000000	-0.292900000000000
0.292900000000000	0.292900000000000	0.414200000000000
0.292900000000000	-0.292900000000000	-0.414200000000000
0.414200000000000	0	-0.414200000000000
0.414200000000000	-0.292900000000000	0.292900000000000
0.414200000000000	-0.414200000000000	0
0.414200000000000	0.414200000000000	0
0.414200000000000	0.292900000000000	0.292900000000000
0.414200000000000	0	0.414200000000000
0.292900000000000	0.414200000000000	-0.292900000000000
0.414200000000000	0.292900000000000	-0.292900000000000
0.232200000000000	-0.414200000000000	0.353600000000000
0.353600000000000	-0.414200000000000	0.232200000000000
0.414200000000000	-0.232200000000000	-0.353600000000000
0.232200000000000	0.353600000000000	0.414200000000000
0.353600000000000	-0.232200000000000	-0.414200000000000
0.414200000000000	-0.353600000000000	-0.232200000000000
0.414200000000000	-0.0858000000000000	-0.414200000000000
0.414200000000000	-0.353600000000000	0.232200000000000
0.414200000000000	-0.414200000000000	0.0858000000000000
0.353600000000000	0.232200000000000	0.414200000000000
0.414200000000000	0.414200000000000	0.0858000000000000
0.414200000000000	0.353600000000000	0.232200000000000
0.232200000000000	-0.353600000000000	-0.414200000000000
0.414200000000000	0.232200000000000	0.353600000000000
0.414200000000000	0.0858000000000000	0.414200000000000
0.414200000000000	-0.414200000000000	-0.0858000000000000
0.414200000000000	0.414200000000000	-0.0858000000000000
0.414200000000000	0.0858000000000000	-0.414200000000000
0.414200000000000	-0.232200000000000	0.353600000000000
0.232200000000000	0.414200000000000	-0.353600000000000
0.414200000000000	-0.0858000000000000	0.414200000000000
0.414200000000000	0.353600000000000	-0.232200000000000
0.353600000000000	0.414200000000000	-0.232200000000000
0.414200000000000	0.232200000000000	-0.353600000000000
0.414200000000000	-0.171600000000000	-0.414200000000000
0.414200000000000	-0.414200000000000	0.171600000000000
0.414200000000000	0.414200000000000	0.171600000000000
0.414200000000000	0.171600000000000	0.414200000000000
0.414200000000000	0.414200000000000	-0.171600000000000
0.414200000000000	0.171600000000000	-0.414200000000000




