**
1	0.414200000000000	-0.0429000000000000	0.310700000000000
2	0.310700000000000	-0.0429000000000000	-0.414200000000000
3	0.207100000000000	0.310700000000000	0.0858000000000000
4	0.207100000000000	-0.414200000000000	0
5	0.0429000000000000	0.207100000000000	-0.103600000000000
6	0.0858000000000000	0.207100000000000	0.414200000000000
7	0.414200000000000	0.189300000000000	-0.250000000000000
8	0.207100000000000	-0.310700000000000	-0.0858000000000000
9	0.103600000000000	0.103600000000000	0.0429000000000000
10	0.207100000000000	0.310700000000000	-0.0858000000000000
11	-0.103600000000000	0.0429000000000000	-0.310700000000000
12	-0.0429000000000000	-0.414200000000000	0.310700000000000
13	-0.250000000000000	0.189300000000000	-0.310700000000000
14	0	-0.310700000000000	0
15	0.414200000000000	0	-0.207100000000000
16	0.310700000000000	0.128700000000000	-0.310700000000000
17	-0.250000000000000	-0.310700000000000	0.189300000000000
18	0.310700000000000	0.146400000000000	-0.146400000000000
19	-0.0429000000000000	0.310700000000000	-0.103600000000000
20	0.207100000000000	0.207100000000000	0.0858000000000000
21	0.146400000000000	-0.207100000000000	-0.146400000000000
22	0.310700000000000	0	0.207100000000000
23	-0.189300000000000	-0.310700000000000	-0.250000000000000
24	0.292900000000000	-0.414200000000000	0.292900000000000
25	0.0429000000000000	0.103600000000000	-0.103600000000000
26	0.0858000000000000	0.207100000000000	0.207100000000000
27	0.414200000000000	0.146400000000000	0.146400000000000
28	-0.310700000000000	0.128700000000000	0.414200000000000
29	0.146400000000000	0.207100000000000	0.146400000000000
30	-0.146400000000000	-0.310700000000000	0.146400000000000
31	0.103600000000000	0.103600000000000	-0.0429000000000000
32	0.128700000000000	0.310700000000000	0.310700000000000
33	0	0	-0.310700000000000
34	0.103600000000000	0.0429000000000000	-0.103600000000000
35	-0.0429000000000000	-0.310700000000000	-0.103600000000000
36	-0.310700000000000	-0.0429000000000000	-0.103600000000000
37	-0.103600000000000	0.0429000000000000	0.103600000000000
38	0.128700000000000	-0.310700000000000	0.310700000000000
39	0.414200000000000	-0.0429000000000000	-0.310700000000000
40	-0.207100000000000	0.207100000000000	0.0858000000000000
41	-0.310700000000000	0.128700000000000	0.310700000000000
42	-0.207100000000000	0	0.310700000000000
43	0.0429000000000000	-0.310700000000000	-0.103600000000000
44	-0.207100000000000	0.414200000000000	-0.0858000000000000
45	0.0858000000000000	0.207100000000000	0.310700000000000
46	0.414200000000000	-0.0858000000000000	0.207100000000000
47	0.414200000000000	0.207100000000000	0
48	0.250000000000000	0.250000000000000	-0.250000000000000
49	-0.146400000000000	-0.146400000000000	-0.310700000000000
50	-0.207100000000000	0.0858000000000000	0.414200000000000
51	-0.189300000000000	0.250000000000000	0.310700000000000
52	0.414200000000000	-0.207100000000000	-0.0858000000000000
53	-0.310700000000000	0.250000000000000	0.189300000000000
54	-0.128700000000000	-0.310700000000000	-0.414200000000000
55	0.103600000000000	0.0429000000000000	0.414200000000000
56	0.103600000000000	-0.0429000000000000	0.103600000000000
57	-0.207100000000000	-0.0858000000000000	-0.310700000000000
58	-0.146400000000000	0.310700000000000	-0.146400000000000
59	-0.310700000000000	-0.250000000000000	0.189300000000000
60	0.103600000000000	-0.0429000000000000	-0.207100000000000
61	-0.207100000000000	-0.0429000000000000	0.103600000000000
62	0	-0.310700000000000	0.207100000000000
63	0.103600000000000	0.0429000000000000	0.310700000000000
64	0.146400000000000	0.146400000000000	-0.207100000000000
65	-0.0429000000000000	0.103600000000000	-0.310700000000000
66	0.310700000000000	0.146400000000000	0.146400000000000
67	-0.0429000000000000	-0.103600000000000	-0.103600000000000
68	0.414200000000000	0.0429000000000000	-0.310700000000000
69	0.414200000000000	-0.414200000000000	0.0858000000000000
70	0.414200000000000	-0.0429000000000000	-0.103600000000000
71	-0.0858000000000000	-0.310700000000000	-0.207100000000000
72	0.414200000000000	0	0.207100000000000
73	0.0429000000000000	0.310700000000000	0.310700000000000
74	-0.310700000000000	-0.310700000000000	-0.0429000000000000
75	-0.0429000000000000	0.103600000000000	-0.207100000000000
76	-0.189300000000000	-0.414200000000000	0.250000000000000
77	-0.310700000000000	0.0429000000000000	-0.103600000000000
78	0.103600000000000	0.0429000000000000	-0.207100000000000
79	-0.207100000000000	-0.0429000000000000	-0.103600000000000
80	0.310700000000000	-0.146400000000000	-0.146400000000000
81	-0.310700000000000	0.0858000000000000	0.207100000000000
82	-0.128700000000000	0.310700000000000	-0.310700000000000
83	0.414200000000000	-0.414200000000000	-0.0858000000000000
84	0.0429000000000000	0.207100000000000	0.103600000000000
85	0.0429000000000000	0.310700000000000	0.103600000000000
86	0.0429000000000000	-0.310700000000000	0.310700000000000
87	-0.0429000000000000	0.310700000000000	0.414200000000000
88	0.414200000000000	-0.414200000000000	0
89	0.189300000000000	-0.250000000000000	-0.310700000000000
90	0.250000000000000	-0.250000000000000	0.250000000000000
91	-0.189300000000000	0.310700000000000	-0.250000000000000
92	0.207100000000000	0.103600000000000	0.0429000000000000
93	-0.207100000000000	0.310700000000000	0
94	0.207100000000000	0.0429000000000000	-0.103600000000000
95	-0.207100000000000	-0.103600000000000	-0.0429000000000000
96	0	-0.207100000000000	0
97	-0.0429000000000000	-0.310700000000000	0.103600000000000
98	0.207100000000000	0.414200000000000	0.0858000000000000
99	-0.146400000000000	0.146400000000000	-0.207100000000000
100	0.0429000000000000	-0.310700000000000	0.103600000000000
101	0	0.207100000000000	0
102	0.310700000000000	0.0429000000000000	0.103600000000000
103	0.0858000000000000	-0.414200000000000	0.207100000000000
104	0.310700000000000	0.414200000000000	0.128700000000000
105	0	0.103600000000000	0
106	-0.207100000000000	0.310700000000000	0.0858000000000000
107	0.207100000000000	0.146400000000000	-0.146400000000000
108	0.146400000000000	0.414200000000000	-0.146400000000000
109	0.414200000000000	-0.310700000000000	0.128700000000000
110	-0.207100000000000	-0.207100000000000	0
111	-0.103600000000000	-0.0429000000000000	0.207100000000000
112	0.414200000000000	-0.128700000000000	-0.310700000000000
113	0.103600000000000	0.207100000000000	-0.0429000000000000
114	0.310700000000000	-0.414200000000000	0.0429000000000000
115	-0.0429000000000000	0.103600000000000	0.103600000000000
116	0.310700000000000	0.189300000000000	-0.250000000000000
117	0.310700000000000	0.189300000000000	0.250000000000000
118	0.207100000000000	0	0.207100000000000
119	-0.0858000000000000	-0.207100000000000	0.310700000000000
120	0.0429000000000000	-0.207100000000000	-0.103600000000000
121	0.414200000000000	0.0429000000000000	-0.103600000000000
122	-0.310700000000000	-0.146400000000000	-0.146400000000000
123	0.414200000000000	0.414200000000000	0.171600000000000
124	0.0429000000000000	-0.103600000000000	-0.103600000000000
125	-0.103600000000000	-0.103600000000000	0.0429000000000000
126	-0.207100000000000	-0.207100000000000	-0.0858000000000000
127	0.310700000000000	-0.207100000000000	-0.0858000000000000
128	-0.207100000000000	-0.310700000000000	0.0858000000000000
129	0.207100000000000	0.0858000000000000	-0.414200000000000
130	0.292900000000000	0.414200000000000	-0.292900000000000
131	-0.128700000000000	0.310700000000000	0.414200000000000
132	-0.189300000000000	-0.310700000000000	0.250000000000000
133	0.414200000000000	0.0429000000000000	0.103600000000000
134	0.250000000000000	0.310700000000000	0.189300000000000
135	-0.250000000000000	0.189300000000000	0.310700000000000
136	0.310700000000000	0.128700000000000	0.414200000000000
137	0.353600000000000	0.292900000000000	-0.353600000000000
138	0.189300000000000	0.414200000000000	-0.250000000000000
139	-0.310700000000000	0	-0.207100000000000
140	0.103600000000000	0	0
141	0.414200000000000	0.250000000000000	-0.189300000000000
142	-0.103600000000000	0.103600000000000	0.0429000000000000
143	0.414200000000000	-0.310700000000000	-0.128700000000000
144	0.310700000000000	0.310700000000000	0.0429000000000000
145	-0.189300000000000	0.250000000000000	0.414200000000000
146	0.414200000000000	0.310700000000000	0.0429000000000000
147	-0.103600000000000	0.0429000000000000	-0.207100000000000
148	0.207100000000000	-0.146400000000000	0.146400000000000
149	0	0	0.103600000000000
150	-0.103600000000000	0.310700000000000	0.0429000000000000
151	0.0429000000000000	0.414200000000000	-0.103600000000000
152	-0.310700000000000	0	0.207100000000000
153	0.207100000000000	0.0858000000000000	-0.207100000000000
154	-0.0858000000000000	-0.414200000000000	0.207100000000000
155	0.310700000000000	-0.128700000000000	0.310700000000000
156	0.0429000000000000	-0.103600000000000	0.103600000000000
157	0.189300000000000	-0.414200000000000	0.250000000000000
158	-0.0429000000000000	-0.103600000000000	0.207100000000000
159	-0.310700000000000	0.310700000000000	-0.0429000000000000
160	0.0429000000000000	-0.414200000000000	0.310700000000000
161	-0.250000000000000	0.310700000000000	-0.189300000000000
162	0.414200000000000	-0.0429000000000000	0.103600000000000
163	-0.250000000000000	-0.250000000000000	-0.250000000000000
164	0.103600000000000	-0.0429000000000000	-0.310700000000000
165	-0.0429000000000000	0.103600000000000	0.414200000000000
166	0.414200000000000	-0.171600000000000	-0.414200000000000
167	0	0.310700000000000	0
168	0.310700000000000	-0.207100000000000	0.0858000000000000
169	0.414200000000000	-0.189300000000000	-0.250000000000000
170	0.414200000000000	0.310700000000000	0.128700000000000
171	0.207100000000000	0	-0.414200000000000
172	0.207100000000000	-0.310700000000000	0.0858000000000000
173	-0.207100000000000	-0.146400000000000	0.146400000000000
174	-0.103600000000000	-0.0429000000000000	-0.207100000000000
175	-0.310700000000000	-0.207100000000000	0
176	0	0.207100000000000	0.207100000000000
177	0.103600000000000	0.0429000000000000	0.103600000000000
178	0.310700000000000	-0.189300000000000	-0.250000000000000
179	0.310700000000000	-0.128700000000000	-0.310700000000000
180	-0.146400000000000	0.146400000000000	0.207100000000000
181	-0.146400000000000	0.207100000000000	-0.146400000000000
182	0.353600000000000	0.353600000000000	0.292900000000000
183	0.0429000000000000	0.310700000000000	-0.310700000000000
184	-0.0429000000000000	-0.310700000000000	-0.414200000000000
185	0.103600000000000	-0.0429000000000000	0.310700000000000
186	-0.310700000000000	0.0429000000000000	-0.310700000000000
187	-0.103600000000000	-0.310700000000000	0.0429000000000000
188	0.207100000000000	0	0.310700000000000
189	-0.103600000000000	-0.0429000000000000	0.310700000000000
190	0.310700000000000	0.0429000000000000	0.310700000000000
191	-0.103600000000000	0	0
192	-0.0858000000000000	-0.207100000000000	-0.207100000000000
193	-0.0429000000000000	-0.103600000000000	0.103600000000000
194	-0.189300000000000	0.250000000000000	-0.310700000000000
195	-0.310700000000000	0.146400000000000	0.146400000000000
196	0.353600000000000	-0.353600000000000	-0.292900000000000
197	0.414200000000000	-0.207100000000000	0.0858000000000000
198	-0.103600000000000	0.310700000000000	-0.0429000000000000
199	0.146400000000000	0.146400000000000	0.414200000000000
200	-0.310700000000000	0.414200000000000	-0.128700000000000
