****
1	-0.259690221	0.739861207	-0.167324667
2	0.031075353	0.791272593	0.143941863
3	0.212042818	0.661804906	-0.261328671
4	0.005811446	0.722264943	-0.190054846
5	-0.375645928	0.559041191	-0.045777015
6	-0.132847693	0.758174634	0.163550192
7	-0.031656797	0.66425859	-0.042113485
8	-0.68006811	0.342098116	0.158670711
9	-0.378156724	0.621665202	-0.050272864
10	-0.254958964	0.495532613	0.051996509
11	-0.324307773	0.594908998	-0.143630116
12	0.40678562	0.636195256	-0.10325175
13	0.070373108	-0.884503485	0.211079416
14	-0.129434137	0.743501145	0.160272506
15	-0.030932585	0.836204301	0.20070015
16	-0.852783779	-0.158169598	-0.026578894
17	0.237082953	0.649263756	0.199093812
18	0.119421172	0.729581005	-0.256309915
19	-0.205753667	0.701803523	0.045409734
20	-0.225223116	0.753502038	-0.261198159
21	-0.233300225	0.654207436	0.227690042
22	-0.53459476	0.508838684	-0.081441879
23	0.387361952	0.573769135	0.094985691
24	-0.353442764	-0.696779235	-0.089713838
25	-0.551812901	0.473311797	0.209621371
26	0.307929908	-0.653599527	0.085844523
27	-0.468331755	0.549170376	-0.053851741
28	-0.284359972	0.630961634	0.195829723
29	-0.171723952	0.826028589	0.258692068
30	-0.218083661	0.622853726	-0.160227752
31	-0.416868013	-0.598222436	0.052749059
32	-0.312213833	0.644180353	-0.006667257
33	0.230336052	0.834437625	-0.188617568
34	0.019812593	0.676514801	-0.185474444
35	0.175955983	0.652801325	0.018589898
36	-0.341777906	0.580687161	-0.250811582
37	-0.627088586	-0.182328507	-0.048523276
38	0.106913446	-0.560832162	-0.121668577
39	0.000698223	-0.747761543	0.048094672
40	-0.8259496	0.081640053	0.007592328
41	-0.042653985	-0.801045767	-0.21379732
42	-0.085309339	0.754604634	0.016931311
43	-0.710833042	0.451857049	-0.226515421
44	0.298168833	0.754608019	-0.185167548
45	-0.493791835	-0.807581522	0.022282815
46	-0.369320161	0.604770563	-0.129140863
47	0.428136709	0.525153287	0.230702745
48	-0.685714291	0.228385957	-0.088033883
49	-0.110792419	0.730898221	-0.234741232
50	0.40538408	0.571148291	0.236647998
51	-0.20097407	0.799019307	-0.225203851
52	0.501116026	0.563578001	0.132851201
53	-0.512107202	-0.524894865	-0.191185313
54	-0.534650175	0.330425862	-0.162269162
55	-0.110651087	-0.786924769	0.04901313
56	-0.342653024	0.949026035	-0.02195104
57	-0.350064242	0.582282407	-0.002373652
58	-0.165547231	0.216801137	0.013876258
59	-0.214141209	-0.827992809	-0.22867241
60	-0.655573676	-0.517323009	0.232293363
61	0.637049696	-0.567740179	-0.152619633
62	0.471872614	0.550844741	0.032920067
63	-0.226052896	-0.801175192	0.135978481
64	0.212116899	0.598170046	0.121101842
65	-0.135252227	-0.717174292	0.196554727
66	0.0580958	-0.874674261	-0.260666873
67	-0.369806306	-0.729085733	0.115792383
68	-0.510202852	-0.56287274	0.039639717
69	-0.215660717	0.605896618	-0.120437798
70	-0.363240574	-0.69734771	0.045505926
71	0.357337637	0.558624397	0.025906479
72	0.630836008	0.444181906	0.032474533
73	-0.23823142	-0.709815929	-0.072084391
74	-0.214648331	-0.769639573	-0.069988197
75	0.363978167	0.541707711	0.178892532
76	0.176890649	-0.832919867	-0.207090044
77	-0.22871054	-0.651145027	0.060400597
78	0.849071066	-0.49394304	0.177613974
79	0.15067373	0.71847767	-0.266714952
80	-0.234027195	-0.653307201	-0.148353825
81	-0.560963404	0.49845821	0.066709182
82	-0.579490277	-0.239233294	0.013483485
83	0.142453887	-0.87110566	-0.246780511
84	-0.65007315	0.630217767	0.267547046
85	-0.388294443	-0.644191357	0.100342112
86	-0.263724529	-0.780463525	0.137151882
87	0.071570983	-0.722535204	0.25539872
88	-0.168362393	-0.985322981	-0.256877289
89	-0.535300856	0.504680193	-0.248836795
90	0.400144812	0.69466621	-0.01087383
91	-0.532948022	-0.6702956	0.128315837
92	-0.433753155	0.595970365	-0.231097997
93	0.504735502	0.583402343	0.024701431
94	-0.242470682	0.724857673	0.12394515
95	-0.070534423	-0.851105141	0.089995345
96	-0.62443048	-0.398166239	-0.078289027
97	0.121712849	-0.171304605	0.111885215
98	-0.676677412	-0.226255516	-0.164509066
99	0.722437649	-0.353512132	-0.023112273
100	0.750222664	0.300500618	-0.056110022
101	-0.685839642	-0.247417883	0.115297167
102	0.121250673	-0.167787755	0.117534931
103	-0.177736399	0.650542361	-0.110383362
104	0.044645204	0.936108758	-0.04576827
105	-0.619925452	-0.446849447	-0.070549461
106	-0.165809189	-0.832857352	-0.143024514
107	0.427481178	0.687954282	0.021191468
108	-0.303824968	-0.754931568	-0.253085328
109	-0.726617441	-0.233354291	0.124636343
110	0.219787775	-0.759929192	-0.073768819
111	-0.210925682	0.587799236	-0.146775574
112	0.310125794	-0.009721714	0.24348714
113	-0.0297654	0.625719534	-0.060225429
114	-0.652734364	0.108738453	-0.220193628
115	0.680616689	-0.459989698	-0.146463575
116	-0.342682337	-0.89615242	-0.161543774
117	-0.82421239	0.283557745	-0.135827388
118	-0.20947126	-0.873854264	-0.003490673
119	-0.113859418	0.888381219	-0.25557535
120	-0.689608698	0.655937065	-0.252973904
121	0.047886743	-0.757866294	-0.215559185
122	-0.045701315	-0.929774967	-0.124981984
123	0.009580444	0.690854404	-0.21008603
124	-0.133700136	-0.819867263	-0.171328348
125	-0.113819438	-0.813576168	0.022448704
126	-0.17711415	0.667471981	0.267780842
127	-0.142849276	-0.855467928	-0.102105325
128	-0.51222447	0.470157293	-0.035934331
129	-0.554787971	0.198189614	0.008578504
130	-0.404490548	0.56413311	-0.063422832
131	0.006341578	-0.802957171	-0.257454123
132	0.426525447	0.446778103	0.049231823
133	-0.48097801	-0.590220887	0.261468515
134	0.620569524	0.7429962	0.201644451
135	0.036936825	-0.890010692	0.142258752
136	-0.721017924	-0.576178793	0.175049548
137	-0.727975482	-0.13472516	0.149897109
138	-0.814700466	-0.548653919	0.239672693
139	-0.699472548	-0.251515371	0.002574366
140	-0.125467409	0.69484806	0.116685684
141	0.110205828	0.667724386	-0.054193073
142	-0.659963667	0.498538379	-0.152262455
143	0.628299896	0.594112133	-0.218254667
144	-0.077077754	-0.631987778	-0.217368023
145	-0.762018805	-0.667296748	0.026509032
146	-0.509661264	0.311544387	0.001806418
147	0.037216095	-0.858405108	0.077165268
148	-0.771932991	-0.412433576	0.190127182
149	0.101366282	-0.834470657	0.058114943
150	0.665889433	-0.719007067	-0.14190264
151	-0.491157167	0.685295348	0.013780247
152	-0.220956527	0.663832971	0.094351742
153	-0.097912904	-0.78269458	0.031941655
154	0.637170532	0.371452757	-0.02215185
155	0.883002714	0.175688224	-0.029102851
156	-0.772279531	-0.223067661	0.15697135
157	0.232798322	0.933876662	0.064535653
158	0.22024776	-0.97347344	-0.137009632
159	-0.497281817	-0.758885158	-0.000453786
160	-0.695095852	0.449402378	0.262083942
161	-0.120808452	0.974205338	-0.077138932
162	0.075750356	0.668274178	0.052460283
163	0.717304856	-0.272098986	-0.135978481
164	-0.87648126	-0.480008604	-0.252156973
165	0.686270419	0.153311583	-0.077595434
166	-0.595254761	0.441310003	-0.044404146
167	-0.437066257	0.482279049	0.034999405
168	0.286361498	-0.716589498	0.242525974
169	-0.571600103	0.48390377	0.032465797
170	-0.589227161	0.545305682	-0.256254116
171	-0.742169749	-0.138940218	-0.090417633
172	-0.516064511	-0.578333489	-0.082276466
173	0.223423305	-0.822447842	0.095725395
174	-0.15505703	0.751880583	-0.175202451
175	0.306278286	-0.700843236	0.108740721
176	-0.769353398	-0.484431435	0.167109371
177	0.253064348	0.707228557	-0.045733291
178	0.790111539	0.584502413	0.184310223
179	0.317524266	0.78322258	0.148416256
180	-0.120790346	0.645095019	-0.250709552
181	-0.72224594	-0.087177543	-0.213970712
182	0.544284063	-0.656397128	0.17103193
183	-0.557427417	0.425276613	-0.151253633
184	-0.325005132	0.645919906	0.142321076
185	0.208829947	0.747818846	0.251507367
186	0.519227002	-0.485230026	-0.031103065
187	-0.320515853	-0.674944014	0.061828353
188	-0.387890253	-0.652360561	-0.065114032
189	-0.293788742	-0.649883472	-0.151342898
190	-0.729106619	0.221971355	-0.229627638
191	-0.335531696	-0.827619941	-0.215449601
192	0.001567902	-0.940671321	0.15937755
193	-0.508382948	-0.709342984	0.168078321
194	-0.312520419	0.675937841	-0.186720429
195	-0.486307403	0.354933577	-0.120552891
196	0.7310934	0.219630642	0.194941863
197	0.46105897	-0.57950599	-0.118074644
198	0.744636159	-0.218565339	-0.168383425
199	0.686600105	-0.130764855	0.030849749
200	-0.747875729	-0.013380644	-0.178037096
201	0.290298271	-0.786296176	0.142392304
202	-0.454671371	-0.781768454	0.03680815
203	-0.86306488	-0.08811591	0.124016036
204	0.417250016	0.5641075	-0.110560025
205	-0.81530968	-0.420902812	0.007417785
206	0.826698079	0.548425366	0.262531643
207	0.327872881	-0.795814314	0.08435025
208	-0.239105765	0.784846966	-0.134609978
209	0.031420783	0.708725686	-0.168751384
210	0.489839518	-0.70490483	-0.186503696
211	-0.34865564	0.726414854	-0.040347705
212	0.159938198	-0.702693216	0.096156936
213	-0.663578594	0.568283697	0.238298159
214	0.383494136	-0.625964942	0.240697231
215	0.193341221	0.439390949	-0.015543409
216	0.673535405	-0.411410189	-0.028238203
217	-0.353452177	0.592627544	0.177812024
218	-0.269741236	0.917951111	0.018074852
219	0.668154806	0.623631533	-0.10570424
220	0.925002391	0.21729803	0.143924049
221	-0.892769208	-0.428260735	-0.18178489
222	0.802578656	-0.277345317	-0.089485124
223	-0.62131627	-0.360273112	0.211599051
224	-0.43481813	0.56285281	0.205579747
225	-0.403611233	0.505975299	-0.106004271
226	0.379842231	-0.73235191	-0.015814001
227	-0.866676564	0.114800386	-0.076340131
228	-0.793299098	-0.481480435	-0.131741278
229	-0.72352131	0.229160116	-0.227460577
230	-0.453551341	-0.482307919	-0.225909989
231	0.237799275	-0.0113412	0.089238826
232	0.462778099	-0.765508748	0.147034108
233	-0.7896024	-0.577637098	-0.001439898
234	-0.857418022	-0.183712758	-0.077411074
235	-0.758344792	0.202510015	-0.080133122
236	0.600523362	0.352634988	-0.04362597
237	-0.866670297	-0.237622641	0.157355864
238	0.506251677	-0.657084606	0.14379044
239	-0.257026874	0.771302682	-0.226827371
240	0.779387653	-0.219589795	-0.212647773
241	0.234512601	-0.012848534	0.088966152
242	-0.141236296	-0.900836019	0.187677869
243	-0.662607673	-0.584804702	-0.146757744
244	0.248993689	-0.867344266	-0.017498711
245	-0.775441182	0.026631845	-0.209584931
246	-0.675163486	0.2891244	-0.031985333
247	-0.743352089	-0.517095453	0.159162798
248	-0.523067396	-0.619920744	-0.23080385
249	0.306214011	0.532242997	-0.099513616
250	0.419188299	-0.809180077	-0.154164865
251	0.966184207	0.176230045	0.218346092
252	0.241379019	-0.009074556	0.090426431
253	-0.585794365	0.365000896	-0.213222479
254	-0.304702125	-0.86351644	-0.088297717
255	0.771098301	-0.399119048	-0.173197354
256	-0.202004757	-0.869576113	-0.082179823
257	0.248127961	-0.707730368	-0.025827887
258	0.759029126	-0.673696253	0.244670696
259	-0.233457977	-0.745010877	-0.133943679
260	0.008620854	-0.79472114	-0.001893684
261	0.532001498	0.383613954	0.176048057
262	0.045333011	-0.813515191	-0.244707692
263	0.506223232	-0.470658687	0.171382245
264	0.892270988	-0.094521544	0.127624011
265	0.738652021	-0.49117745	0.19379171
266	0.519784181	0.405763996	-0.07366353
267	0.4798561	-0.570433183	0.241389757
268	-0.372579646	0.914917911	-0.184120745
269	-0.115126109	-0.892642163	0.109535474
270	0.688004487	0.3435813	-0.003368498
271	-0.142565973	-0.750809346	0.008351595
272	-0.65193206	0.219975883	-0.135836276
273	0.595200652	0.553801586	-0.1102862
274	-0.153087894	-0.931436885	0.226029228
275	-0.164391821	0.763859252	-0.014042097
276	-0.786268838	0.107901167	-0.050377849
277	-0.810685146	-0.448501171	0.017682028
278	-0.438994533	-0.63003349	-0.065858978
279	-0.739369852	0.383891651	0.220248527
280	0.440979945	-0.887550842	-0.120473211
281	0.382970767	0.881108878	0.238750092
282	0.760777704	0.33844962	-0.108228619
283	-0.629489547	0.249938159	-0.061083787
284	0.688494734	0.253726113	-0.033348143
285	0.761910244	-0.674863958	0.244457978
286	-0.544500838	0.479628418	-0.169954292
287	-0.6951242	0.203071012	-0.067734813
288	-0.665585682	-0.391684485	-0.242553694
289	-0.67255055	0.125761148	-0.040365187
290	-0.317673217	-0.806212849	-0.060216671
291	-0.685250814	-0.382557911	0.000759218
292	-0.152949795	0.500901529	-0.200182746
293	0.635528728	0.106790088	0.206880732
294	-0.638685567	-0.498627951	-0.037376163
295	0.547130712	0.312236068	-0.058141212
296	0.259263855	-0.712302248	-0.004703697
297	-0.500337215	-0.421733653	0.049739208
298	-0.696686447	-0.708619222	-0.246243608
299	0.899878754	-0.302300734	-0.109853414
300	-0.667956136	0.213711629	-0.124060341
301	-0.17669429	0.674021788	0.030718725
302	-0.40312507	0.553481661	-0.177812024
303	-0.863123143	-0.166797255	-0.123360385
304	0.598725973	0.325880416	0.22791035
305	-0.332092221	0.461661959	0.101206009
306	-0.950990001	-0.22578616	-0.11276889
307	-0.751666721	-0.542687719	-0.034073277
308	0.849061658	-0.111472049	-0.001387538
309	0.763206513	-0.62141424	0.065666162
310	-0.743891035	-0.322450052	0.245345982
311	-0.112920086	0.355216199	-0.202816228
312	-0.457043329	0.381829137	0.015421206
313	0.835823141	-0.238232435	-0.127553062
314	-0.773422784	-0.050672472	0.06534189
315	0.896242479	0.414008277	0.156667347
316	-0.900372614	-0.109913856	0.101928976
317	0.617900579	-0.14752952	0.108661253
318	0.81020536	-0.411538612	-0.107893134
319	-0.693044536	-0.452583331	-0.230022704
320	0.533040496	-0.282766651	0.007417785
321	-0.234297059	0.656133866	-0.045567139
322	-0.98807509	-0.273265477	0.250616803
323	0.836408063	0.107524725	-0.048112166
324	0.598977055	0.323190482	0.224809607
325	-0.782931445	-0.575278124	-0.228525488
326	0.79708276	0.522819141	-0.108961472
327	-0.69986213	-0.122554612	-0.153334102
328	0.25203951	-0.951845702	0.117490696
329	-0.688368431	-0.341185097	0.157937193
330	0.037294544	-0.771790746	-0.03393349
331	0.254972602	0.985054759	-0.159314913
332	-0.74401936	-0.314140717	-0.151048335
333	0.744974552	0.210918901	-0.21076951
334	0.68416431	0.08428361	0.174042386
335	-0.577416536	0.390918339	-0.006431627
336	-0.61965756	0.308430152	-0.085229188
337	0.634568817	0.0131372	0.029784119
338	-0.455477554	0.45804454	0.234897765
339	-0.756901771	0.03922379	-0.065832685
340	-0.897150618	-0.092434561	-0.043792093
341	-0.448367468	0.7922287	0.125230155
342	-0.941771899	-0.047848181	0.195077741
343	-0.289976148	0.513733373	0.050001658
344	0.461776108	-0.583065777	0.120632573
345	0.562713677	-0.469584597	0.171382245
346	-0.322992992	0.674455544	-0.057843508
347	-0.634127595	0.450767635	0.056661549
348	0.823230426	0.153238179	0.138663627
349	0.454668376	0.398067118	-0.193610628
350	0.729745534	0.130684044	-0.05865784
351	-0.939309273	0.057310747	-0.198032538
352	0.510775816	-0.577255979	-0.162439339
353	-0.382460283	0.570924271	0.186747521
354	0.625590304	-0.25261519	0.123510998
355	0.271469675	-0.84021052	-0.09372667
356	-0.684567063	0.633993731	-0.071742292
357	-0.559544653	0.426976893	0.120189914
358	0.806924053	0.351589261	0.057896043
359	0.90708091	0.362677936	0.107981417
360	-0.390597677	-0.602134679	0.114978843
361	0.680613723	-0.106842941	0.127898953
362	-0.675596186	-0.38528294	0.059156985
363	0.570819084	-0.744121019	-0.086222546
364	-0.403499529	-0.798464307	-0.208173285
365	-0.658294052	0.37207335	0.215011318
366	-0.711370601	0.195496696	0.121960829
367	-0.722855049	-0.134495315	0.16375628
368	-0.67786428	-0.179517208	0.085431363
369	-0.587000827	0.326204031	0.223865526
370	0.688504487	0.730993767	0.174608872
371	-0.892486143	-0.111331123	0.012750321
372	-0.612490378	-0.393755504	0.066349806
373	0.978817567	-0.050869402	0.218858137
374	0.779219698	0.214193974	0.040513783
375	-0.704554851	0.152819343	-0.081652711
376	-0.162304873	0.381283477	-0.188256107
377	-0.257019057	0.553725465	0.060619562
378	-0.136183236	0.28466973	-0.180721315
379	-0.76726141	0.038894638	-0.066279686
380	-0.544710677	-0.415755181	-0.158509681
381	0.604004996	-0.514412202	-0.094351742
382	-0.892266787	-0.089988121	0.112503769
383	0.99639823	-0.057748586	0.219370292
384	0.558316312	0.448368641	0.11193823
385	0.53908111	0.534294556	0.04583823
386	0.713781979	0.17157472	-0.16329036
387	-0.167255123	0.963590534	-0.102863699
388	0.769949313	-0.170587917	-0.15825026
389	-0.811343181	-0.484954024	-0.035663458
390	0.523106718	0.507882554	-0.023845716
391	-0.031033865	0.406614489	0.060015233
392	0.911211781	-0.409170776	0.258580343
393	0.689062397	0.65495945	-0.0056462
394	-0.736172209	-0.044549062	0.107628295
395	-0.325264791	0.737090707	-0.023548843
396	0.3053884	-0.223183283	-0.167880918
397	-0.415839698	0.337275443	0.020693831
398	0.142064002	-0.95656741	0.161740777
399	0.447353981	0.531824265	-0.159270172
400	-0.21156115	0.97582893	0.242895603
401	-0.874050926	-0.146501207	0.183263739
402	-0.610799318	0.45669523	0.014042097
403	-0.314445026	0.619309321	0.118508233
404	-0.54727713	-0.648739594	-0.068892107
405	-0.746031773	-0.248236819	-0.208464656
406	0.638912789	0.445512829	-0.157704649
407	-0.76500156	-0.363028582	0.067059809
408	-0.687783257	0.144644067	-0.232642896
409	0.949728569	-0.095565663	0.233516966
410	0.458256943	0.756552945	-0.182704571
411	0.288185957	0.662323902	0.241657593
412	-0.796978399	-0.454597671	-0.175958087
413	0.682161357	0.51809835	0.206844332
414	0.70343852	0.240971151	-0.1483895
415	0.688714648	-0.338128485	0.267593803
416	-0.742436066	0.177893694	0.255184926
417	-0.285060601	0.925569228	0.232118616
418	0.313402283	0.619289204	-0.114156612
419	-0.53687733	0.244935079	0.245188705
420	-0.721688218	0.324771129	0.051909007
421	0.671800626	-0.307780016	-0.211909062
422	0.609187118	0.226209791	0.10689565
423	0.875910329	-0.055261089	0.160711126
424	0.870532699	0.45778634	-0.069602355
425	0.775200324	0.182871058	-0.075128946
426	-0.645971009	0.750109751	-0.250180934
427	0.531932822	-0.569112358	-0.191013452
428	0.787928989	0.142360061	-0.245965952
429	-0.660394816	0.241702859	-0.080853343
430	0.790046252	-0.411394734	0.259045903
431	-0.71685933	0.177099389	-0.211042954
432	0.845836789	0.266350519	-0.243792214
433	-0.399089888	0.58421121	-0.071540549
434	0.70569806	0.408420901	0.093295326
435	0.371988658	0.471289862	-0.232228981
436	0.33365145	-0.792138213	-0.094862417
437	0.671127352	0.489771365	-0.197624471
438	-0.762266857	-0.304676673	-0.023278169
439	-0.652965833	-0.416650322	-0.054656955
440	0.256419819	0.577500946	-0.08312874
441	-0.602418501	-0.38478141	-0.225222189
442	0.551732158	0.469660507	0.260219581
443	0.121632573	-0.802316275	0.112530281
444	-0.780728244	-0.168849343	-0.038879328
445	0.762831903	0.148555859	0.211279964
446	-0.75367399	-0.087236382	-0.066200801
447	-0.792941791	-0.605296406	0.154924346
448	0.541790875	0.800026262	0.081046588
449	0.780853264	0.004504256	0.260862594
450	0.026064517	-0.996028086	-0.056276352
451	-0.210081089	0.635300917	0.149058475
452	0.224994049	-0.929587988	0.039394989
453	0.669171796	-0.440274602	0.113537829
454	-0.582396692	-0.502046532	0.123360385
455	-0.342559495	0.653560203	0.077490085
456	0.024561105	-0.79863995	0.013291465
457	-0.114474552	-0.823021578	0.15197674
458	-0.381085605	-0.755436605	-0.131102107
459	-0.640709562	0.204679827	0.152191024
460	-0.160810801	0.788051595	0.138467954
461	0.128069284	-0.667595406	-0.098940799
462	-0.540198663	-0.62399641	0.025609577
463	0.812157599	0.360763927	-0.017437606
464	-0.705706865	0.305547502	-0.239174441
465	-0.401478955	0.592080004	-0.22883771
466	0.185244222	-0.824845802	0.09906417
467	0.648451801	0.441796768	-0.051935258
468	0.272889619	-0.892164022	-0.236804665
469	0.813986464	-0.063583272	-0.010236714
470	0.191118822	0.546039909	-0.229590891
471	-0.747489564	-0.224030109	0.092309524
472	-0.799259465	0.349146344	-0.064097516
473	-0.603289391	0.229746666	-0.184400456
474	-0.937691764	0.278549316	0.020170014
475	-0.710578185	-0.452601058	-0.027146535
476	-0.581628669	-0.276725163	-0.206107339
477	-0.857548163	0.190671371	0.07053192
478	-0.754956964	-0.484255201	0.027190201
479	-0.1160548	0.602720683	-0.172388506
480	0.545253003	0.314871759	0.212474475
481	-0.713510499	-0.167904275	-0.186928147
482	-0.727121113	-0.241190542	-0.162304988
483	-0.100547868	0.88752375	0.174231203
484	0.761586182	0.488001011	0.046292979
485	0.703008542	0.714824965	-0.1180481
486	-0.096751747	0.818430392	0.13612958
487	-0.332062407	0.469405351	-0.25441359
488	-0.401345702	-0.721386977	0.186431455
489	-0.363902199	-0.681428069	0.082680622
490	0.528653265	0.738428681	0.197107676
491	-0.254161738	0.535263377	0.213103878
492	0.407067274	0.357176993	0.200636604
493	-0.734495038	0.162268846	-0.187470094
494	-0.78382985	0.117116184	0.061372846
495	-0.250012164	0.574974891	-0.097689638
496	0.206424773	-0.924135313	0.140745518
497	-0.375319407	-0.714878126	0.16913734
498	-0.826511629	-0.381009589	-0.194579557
499	0.307469487	0.963574385	-0.07216334
500	0.393394803	0.763561278	0.055943696
501	-0.530815487	0.497658846	0.041851224
502	-0.834885625	-0.390103276	-0.225277206
503	-0.723293439	0.006741332	0.156524297
504	-0.497304783	-0.599538593	-0.10201715
505	-0.054518666	-0.827258706	0.013431116
506	-0.657260066	-0.514256434	0.069409441
507	-0.526617145	0.512569012	0.062643075
508	0.412465041	-0.822203579	0.182289776
509	-0.790422766	-0.283417055	0.053037844
510	-0.730444412	0.123938861	0.112167972
511	0.79992246	0.136999095	0.003988099
512	-0.266487374	-0.931222533	-0.194190132
513	0.608805426	0.268591346	-0.032719138
514	-0.243641133	-0.638384073	-0.161955703
515	-0.669653633	-0.574774015	0.030028684
516	0.163689705	0.694106371	0.124919944
517	0.009538297	-0.823631813	-0.207936571
518	-0.980498511	-0.038412486	-0.086723685
519	0.683748024	0.469101646	-0.130889073
520	0.039310221	0.966746672	-0.008351595
521	-0.011797858	0.155167754	-0.082777272
522	0.726356127	-0.018024489	-0.118384346
523	-0.014569929	0.150872872	-0.078420731
524	-0.699332158	-0.414383304	0.092564759
525	-0.233847646	-0.856417814	-0.265005098
526	-0.017083949	0.163283049	-0.078824638
527	-0.474457306	-0.632779934	0.10065063
528	-0.774216604	-0.132749573	-0.174177254
529	0.590036767	0.514286798	-0.257202902
530	-0.342251992	-0.696990579	0.099407861
531	-0.77489899	-0.472017044	-0.022570939
532	-0.76920232	-0.145703833	0.057064273
533	-0.548654498	-0.78773699	-0.249272389
534	-0.775326355	-0.217007524	-0.213167739
535	-0.790162765	0.019876938	0.155684002
536	-0.61751962	0.12880974	0.180423946
537	-0.337539742	-0.637932352	0.105916024
538	-0.011622257	0.738194327	-0.131084354
539	-0.694897851	-0.587213424	0.021104163
540	-0.472425648	-0.615999812	0.110303866
541	0.242619113	0.597723268	0.095364336
542	-0.437506075	-0.498256966	-0.086354421
543	-0.178279129	-0.768904806	-0.199710819
544	0.122714749	-0.939714299	0.022343932
545	-0.879592488	0.249471729	0.250542606
546	-0.817302872	0.166556986	-0.189828809
547	-0.15288669	-0.710610815	-0.249179702
548	-0.710183288	-0.317479542	0.23117154
549	-0.439787937	-0.525365279	-0.170268564
550	-0.2249714	-0.768918721	0.087515044
551	-0.681543785	0.555705007	0.179342863
552	0.672062733	0.006668558	-0.088922174
553	-0.019753482	-0.772649149	-0.147390739
554	-0.576192451	-0.46046255	0.098755749
555	-0.281051763	-0.675432687	0.256523825
556	-0.809893426	0.021717034	-0.125371973
557	0.619394412	0.560235519	0.192732557
558	0.271787048	-0.621888862	0.088667106
559	-0.502016152	0.471886432	0.061898434
560	-0.702345824	0.235833389	0.245605052
561	-0.522537197	-0.498972384	-0.076796577
562	0.351190482	-0.616915266	0.078201227
563	-0.660284149	0.720296026	-0.06149548
564	0.528146979	-0.644454433	-0.045663332
565	-0.728604632	-0.041570914	-0.081415525
566	-0.627224911	-0.409991219	-0.082197395
567	0.267406114	0.186545089	0.022518552
568	0.724095045	-0.437966363	-0.099945475
569	-0.590427495	-0.527903107	0.106692648
570	-0.788274659	0.067994769	-0.19927527
571	-0.177205927	0.259331551	0.074409361
572	0.665818343	0.439885485	-0.026858346
573	-0.584872838	-0.543621042	0.188707941
574	-0.649299413	0.133931702	0.143834976
575	0.262134896	0.624326202	0.239414326
576	0.763546557	-0.082401653	0.049266814
577	-0.72116537	-0.091353742	-0.026369308
578	-0.108622487	-0.782599417	0.096958465
579	0.262432444	0.183000516	0.026692421
580	0.10838084	0.799762192	-0.018982735
581	-0.556207793	-0.553979501	-0.045846975
582	-0.606050693	-0.458128105	0.162439339
583	0.649960183	-0.101833349	-0.133508426
584	-0.101986258	-0.587837423	-0.211872588
585	-0.607569625	-0.504530467	-0.062099918
586	-0.573022739	-0.342037582	-0.215970166
587	-0.783876889	-0.142716051	0.225332224
588	-0.509291772	-0.648113305	-0.222436378
589	0.293961607	0.712304345	-0.262820835
590	-0.765358882	-0.109287881	0.125203564
591	-0.543590859	0.616506875	-0.067235129
592	0.038035257	-0.943095614	-0.262354416
593	-0.017369589	0.698735428	-0.060216671
594	0.696557614	0.130854307	0.067989052
595	-0.044840588	0.164739601	-0.191004407
596	-0.269733759	-0.642141796	-0.178757446
597	0.409481485	-0.400986896	0.155353307
598	-0.105603744	-0.640989724	-0.024710163
599	0.686042175	-0.191191519	-0.144146741
600	0.331002159	0.216869998	-0.258757244
601	-0.123543804	-0.761267057	-0.202325652
602	0.627892988	-0.166318611	-0.100976797
603	-0.236616563	0.610871776	0.153262648
604	-0.264807573	-0.729354452	0.13512533
605	0.786903452	-0.132960554	-0.065552227
606	-0.494213256	-0.652886592	-0.092142307
607	-0.525081013	0.235408198	0.123528718
608	0.738471493	-0.231253095	0.193873201
609	-0.053570411	-0.688511376	-0.168401373
610	-0.809945497	0.288679434	0.083849313
611	0.612238282	0.506469556	0.051340263
612	0.540016223	0.413396528	0.188680829
613	-0.137358012	-0.698216567	0.053816733
614	0.132917422	0.19428826	-0.120606012
615	-0.450169268	0.675179027	-0.060409356
616	-0.753891371	0.194352019	-0.033627708
617	0.538778787	0.415732546	0.188310324
618	-0.313658087	-0.562653886	0.196590982
619	0.395197792	0.666383508	0.088016294
620	0.014882419	-0.797195642	-0.008735595
621	-0.503510261	-0.621849961	-0.211954655
622	0.380033288	0.591746841	-0.110215538
623	-0.078621596	0.776847118	-0.092080702
624	-0.609736425	0.214273632	0.170169789
625	-0.597684393	-0.478398909	0.032902595
626	-0.014637193	-0.609366369	-0.159028585
627	0.894480046	-0.129526071	-0.078517315
628	-0.607335438	0.257135834	0.065245488
629	-0.717879736	-0.116534751	0.230325941
630	-0.868609392	0.105197889	0.098130153
631	-0.231776396	-0.587151145	-0.140389555
632	0.251792341	0.590375987	0.208947315
633	-0.415117074	-0.63149889	-0.098914363
634	0.489160838	-0.497217898	-0.019689858
635	-0.791558062	-0.125653734	0.240263359
636	0.004682264	0.674044311	0.267238476
637	0.350156718	-0.701247984	0.258142813
638	0.317778764	-0.586410109	-0.166562229
639	-0.120841257	-0.743875194	0.006859252
640	-0.58858378	-0.626295979	-0.263688658
641	0.61518399	-0.103001683	0.136716258
642	0.13670766	0.605019347	0.141030313
643	0.749976971	0.099588719	0.115244111
644	-0.62481476	-0.438288681	-0.074163666
645	0.791064636	-0.224027686	0.213614816
646	-0.207787791	-0.534988716	0.138832625
647	-0.58758221	0.135675646	-0.08365598
648	-0.459568868	0.511416219	-0.087602979
649	-0.076943079	0.663174775	0.000314159
650	0.59424469	0.402296089	-0.061206417
651	0.777394565	0.092471641	-0.045698311
652	-0.875841409	0.015333742	-0.247901034
653	-0.425328493	-0.436314721	-0.147123262
654	0.064848827	0.67938396	0.249652447
655	-0.659838647	0.185155449	0.20537056
656	0.262444698	-0.734716573	-0.209329865
657	-0.654176309	-0.516776373	-0.160039794
658	0.374493915	0.634232143	-0.128644053
659	0.753334147	-0.59741718	0.088271333
660	0.146032336	0.649608767	-0.006100001
661	0.394798044	0.549672634	0.158608087
662	0.498706395	-0.67883199	0.08965226
663	0.112404133	-0.643681818	-0.265602915
664	0.533596916	0.671412365	0.234262492
665	-0.450110273	-0.412847686	-0.147176756
666	0.211884407	0.594712068	0.060637079
667	0.157786195	0.537896065	-0.110021224
668	0.189882336	0.725852558	0.002618
669	-0.507186056	-0.516648107	-0.220605403
670	-0.061549624	0.093643349	0.103798601
671	-0.635568604	-0.257451157	-0.184770439
672	-0.654358754	0.232697866	0.019445418
673	0.214287853	0.535188886	0.234161233
674	0.311503969	-0.737882229	-0.051926508
675	0.242026148	0.72929945	-0.201617207
676	0.63589703	0.357922173	0.123732498
677	0.109734595	-0.953656073	-0.014068282
678	0.114315782	0.624699751	-0.266827124
679	0.495319189	0.550040117	-0.031487413
680	-0.615323065	0.167854396	0.035121729
681	0.661543217	0.318635256	0.226240205
682	-0.609817299	-0.200521314	-0.147453153
683	-0.120909479	0.529000289	-0.038861848
684	0.359044838	-0.556754999	-0.043529794
685	0.381279526	-0.659983119	0.06774358
686	-0.467552738	-0.322242024	-0.164742108
687	-0.882130933	0.133197167	-0.111929394
688	-0.315076973	-0.855386545	-0.127765914
689	-0.269194445	-0.779829362	0.155263936
690	0.846907324	0.220642295	-0.175382346
691	-0.696266867	-0.344297984	-0.151378604
692	0.533317851	-0.679640088	-0.001370084
693	-0.720114143	-0.403440159	-0.239165215
694	-0.619755	-0.545926322	-0.06070715
695	-0.727972518	-0.528699192	-0.262354416
696	0.333832997	0.610112313	0.241445169
697	0.49886012	-0.520797546	0.029286267
698	-0.44575587	-0.883270049	-0.097319634
699	0.93292842	0.223149847	-0.02265825
700	-0.704875361	-0.316347427	-0.172361548
701	0.660699808	-0.462343489	-0.260359349
702	-0.791463072	0.329405659	0.160048744
703	-0.588862801	-0.644175462	-0.005087679
704	0.428906981	-0.693308759	0.055252159
705	0.763598953	-0.019302063	-0.24817894
706	-0.117318568	-0.888367155	-0.251980631
707	-0.665208666	0.083475176	0.184030521
708	-0.59564338	0.3278572	-0.17919875
709	0.546292822	-0.604360953	0.182470114
710	0.710645156	-0.491477896	-0.007810507
711	-0.283603289	-0.938067091	-0.020100173
712	-0.786871162	0.244367635	-0.127792522
713	-0.461649175	-0.576737595	0.217386301
714	-0.201295642	0.909638738	0.041702612
715	0.777153466	0.206770025	0.032631779
716	0.077302642	-0.839269054	-0.137294138
717	-0.378201783	0.590764115	0.067068575
718	-0.552701178	-0.771535323	-0.235404271
719	0.712882524	0.079616142	-0.082698195
720	-0.708926491	-0.322807483	0.172765941
721	0.390090883	-0.603219522	0.135205305
722	0.172545302	-0.748985922	-0.094122834
723	-0.114271296	0.687501351	-0.034973193
724	-0.659727725	0.151219009	0.07501486
725	-0.511145395	0.188921239	-0.17712791
726	-0.588360014	-0.505721163	-0.156944525
727	-0.784704124	-0.39299338	-0.148871149
728	0.619568313	-0.767099467	-0.106569085
729	-0.71874678	-0.304830858	0.042655509
730	-0.765701035	0.310685461	-0.01684402
731	-0.407268853	0.363335364	0.03532269
732	-0.141876446	0.768040077	-0.001989678
733	-0.613819067	-0.624474192	-0.02735613
734	0.729614574	0.357868828	0.20413398
735	0.256772009	-0.885025682	-0.032142574
736	0.174109306	-0.680304077	0.185438337
737	-0.31477353	-0.800204785	0.054105551
738	-0.003081316	-0.891645048	0.178883526
739	0.948087911	-0.31456006	-0.257035437
740	-0.608149672	0.382735154	0.204834029
741	0.130773219	0.195860222	0.19999215
742	0.498304953	-0.601342175	0.101699731
743	0.260814757	-0.654500597	-0.153432354
744	-0.576748557	0.090311257	0.01519426
745	-0.69918302	-0.396658753	0.057081783
746	-0.257485721	0.724423954	0.100641815
747	0.558746997	-0.501423029	0.101664463
748	-0.339110201	0.581668477	-0.040653639
749	-0.89624125	0.038041579	0.180099579
750	-0.526561238	-0.17472991	-0.136494021
751	0.483376636	-0.602005706	-0.067778647
752	-0.000980185	0.162546394	0.192488196
753	0.227346185	-0.828055863	-0.016014765
754	0.652508111	-0.486674651	-0.123626177
755	0.566969566	-0.516998028	0.103507527
756	-0.723750756	-0.351403265	0.115845446
757	0.077303748	-0.918279267	0.16881421
758	0.610074341	-0.775558614	-0.091719888
759	0.613226079	0.260956105	-0.205597938
760	0.614276895	-0.404303031	-0.194416535
761	0.578740682	-0.464015383	0.074637514
762	-0.063325001	0.719756721	-0.058220018
763	0.42562738	-0.683267235	-0.036668335
764	0.003653124	-0.82404423	0.038486041
765	-0.217659931	-0.823897111	-0.025810422
766	-0.787797209	-0.216877166	0.057869776
767	-0.680793824	0.408690334	0.084903966
768	-0.37694585	0.483763932	0.011092022
769	-0.63120809	0.120769074	0.078324148
770	-0.014105583	0.088688431	-0.005462935
771	-0.109909856	0.347679474	-0.025085641
772	0.217420529	0.911154367	0.233977138
773	-0.563027442	-0.719632059	-0.231585263
774	-0.156309122	0.603902469	-0.131625864
775	-0.198897006	0.690360902	0.001605704
776	-0.667919642	0.173631526	0.075857386
777	-0.223691945	0.645455465	0.083524166
778	-0.626615859	-0.558176667	-0.064421735
779	-0.212115917	0.657802824	-0.09430772
780	-0.32671203	0.400674186	-0.056013728
781	0.345790509	-0.688800261	-0.027976197
782	0.573507946	0.228000464	-0.001562071
783	-0.401765301	0.667712288	-0.070356521
784	0.166606242	-0.824010776	0.071163393
785	0.1402986	0.669964958	-0.251692948
786	0.703646608	0.504476998	0.127544193
787	0.634562724	-0.5488134	0.049161841
788	-0.667109796	0.317644978	-0.093145684
789	-0.334596721	0.634928017	0.162833468
790	0.608716606	-0.531644416	-0.215906231
791	-0.404582041	0.552427029	0.041352945
792	-0.511841105	0.544141177	-0.076805355
793	0.73279312	0.686671858	0.107734229
794	-0.253516219	0.282741973	0.046467887
795	-0.654729169	-0.423506564	-0.193357135
796	0.373372304	0.42846492	0.134147998
797	-0.291098252	0.441012939	-0.241232766
798	-0.012991828	0.52134701	-0.148068438
799	-0.053939938	0.558603671	-0.16562962
800	-0.611377353	0.378132599	-0.228048053
801	-0.520210932	0.562839841	0.170142851
802	-0.045659592	0.692004067	0.011083295
803	-0.040330511	0.742880731	-0.080150687
804	-0.404096665	0.616643198	0.003097969
805	0.131761347	-0.966964151	0.044001936
806	0.39846849	-0.818013942	-0.079202226
807	-0.008180811	0.652333148	0.265117175
808	0.208680294	0.532461993	0.153182265
809	-0.325540584	0.635614871	0.016756729
810	-0.136913952	0.490089955	0.025461127
811	0.219932167	0.515923142	0.071715977
812	0.404809132	-0.565963409	-0.090927939
813	-0.084021213	0.461972198	0.229361237
814	-0.426227873	0.485583613	-0.105183643
815	-0.081158624	0.408216747	-0.106260194
816	0.019991847	0.654712773	-0.086591802
817	-0.020585343	0.438626162	-0.180342851
818	0.305956312	-0.822757658	0.074111018
819	-0.114350348	-0.785570779	0.117083748
820	-0.035084502	0.091718683	0.127801391
821	-0.343094327	0.260087872	0.046030621
822	-0.573885841	0.565375391	0.074277737
823	-0.631193896	0.299773651	0.191402417
824	0.072477496	0.50358155	-0.157490008
825	0.224483806	0.526982916	-0.129398165
826	-0.279935029	0.421958934	-0.254692354
827	-0.126646274	0.508991073	0.093515395
828	0.566084407	-0.656104427	0.144770354
829	-0.255814287	0.598214226	0.213523569
830	0.974263875	0.290829539	0.126879103
831	-0.315430764	0.580467909	0.22242722
832	-0.173832186	0.650954141	0.086635763
833	-0.073407665	0.456971419	0.239820345
834	-0.032546639	0.612335891	-0.146552715
835	-0.666477748	0.304033494	-0.220257677
836	-0.901754203	-0.312595319	0.215458733
837	-0.523773529	0.43274142	-0.169738811
838	0.452326158	0.497099957	0.262904801
839	-0.279974569	0.646534097	-0.086354421
840	0.025439002	0.641331161	-0.17887452
841	0.644912613	0.281139012	0.021016858
842	-0.253346238	0.653182502	0.178658388
843	-0.632877278	0.269481691	-0.096192166
844	-0.026624477	0.575456051	0.255621833
845	0.679819983	0.315114971	-0.056801625
846	0.137506796	-0.915597097	0.132380554
847	0.496662324	-0.58372073	-0.244642949
848	-0.096699566	0.726761346	0.264006019
849	-0.587862248	-0.66217174	0.07873683
850	0.735404612	-0.3745942	0.23688761
851	0.435799974	-0.408628367	0.262214511
852	-0.044648653	0.513588378	-0.105836604
853	0.461431553	0.60467491	-0.141564366
854	0.556240883	0.463936069	0.035969283
855	-0.488228247	0.374772884	-0.05679287
856	-0.624184663	-0.537110996	0.155916403
857	-0.556874271	0.458219818	-0.02302496
858	-0.671099025	0.481754191	-0.244753939
859	-0.503869867	0.497412516	0.068690444
860	0.00710298	0.242898401	0.192298153
861	-0.86709654	-0.089682188	-0.173179377
862	-0.524738182	-0.514723472	0.092555957
863	-0.193184685	0.928405453	0.158822802
864	0.606822014	0.001270927	0.072382645
865	-0.4455895	0.500901412	-0.244226787
866	-0.713554408	-0.263505904	-0.00264418
867	0.348557124	-0.861237378	0.158456006
868	-0.597822697	0.247100793	-0.222738626
869	0.487346811	-0.548063617	0.169568232
870	-0.365959603	0.592666339	-0.028727291
871	0.586279142	-0.640506809	0.012724137
872	-0.507122958	-0.541544384	-0.23050055
873	-0.628957419	0.150906439	0.002757627
874	-0.228918011	-0.41130983	-0.11744646
875	0.688110607	0.204494066	0.092608766
876	-0.788613891	-0.005292302	0.215559185
877	0.136777969	-0.907078879	0.130853569
878	-0.484019101	0.525896868	0.025932677
879	0.95765327	0.294502842	0.240337204
880	-0.390677759	0.574487347	0.077955391
881	-0.563402918	0.404965363	-0.107186929
882	-0.467923123	-0.492614346	0.105677768
883	0.652460863	-0.29653939	-0.207845533
884	-0.676282984	0.201653698	-0.186666244
885	0.834599609	-0.209784051	0.157677818
886	-0.915889703	-0.228000424	0.205070452
887	0.600056796	-0.689411049	0.033103527
888	-0.626946028	0.025953467	-0.076427906
889	-0.661287077	0.201204373	-0.215531788
890	-0.733039643	0.62323717	0.080958749
891	0.493255331	-0.741692592	-0.071759835
892	0.199614836	0.062699005	-0.23404157
893	-0.81314191	0.303358268	-0.243755233
894	0.0198657	-0.770459452	-0.132416073
895	0.789242435	0.07712862	-0.028080999
896	-0.628442354	0.242079965	-0.038363688
897	-0.247142824	0.554557795	0.177415938
898	-0.401995982	0.277411659	0.169334825
899	-0.510679585	0.32810855	0.237486754
900	-0.501263447	0.219830611	0.220779285
901	-0.429117767	-0.835008717	-0.184959961
902	-0.499081535	-0.570568263	-0.057948579
903	-0.552305248	0.463677366	-0.004267356
904	-0.696355686	-0.60788726	-0.215486129
905	0.849357773	-0.490456004	0.030657581
906	-0.503063703	0.598307541	0.262298453
907	0.826751657	0.203559354	-0.048698221
908	-0.44515699	0.408139977	-0.196663494
909	0.053228885	-0.493065799	0.223187489
910	-0.931122558	-0.169868455	0.08536104
911	-0.563452947	0.359595408	-0.027687994
912	-0.572966388	-0.516635076	-0.15855441
913	0.657893517	-0.615322882	-0.035182891
914	0.69686349	-0.379508526	-0.239755746
915	0.072899247	-0.937992805	0.196627238
916	-0.502598163	-0.560479435	0.025950142
917	-0.492740603	-0.807555597	-0.135560768
918	-0.647362854	0.175187157	0.165862746
919	0.409936082	0.620710153	0.200872641
920	-0.73121051	0.346789923	-0.058596543
921	0.446980178	-0.52695838	0.256114626
922	-0.380496748	0.538490142	0.030290722
923	0.53558722	-0.662245497	0.214271894
924	0.599815516	-0.545283219	-0.208246124
925	-0.123432469	0.596688381	0.252621099
926	-0.827282259	0.251434315	-0.226744792
927	-0.567449893	0.430702302	0.135045357
928	-0.771627975	-0.14365367	-0.214271894
929	-0.640169191	-0.41984912	-0.101779084
930	-0.665325817	0.404818735	-0.157463179
931	-0.447955821	0.655093314	0.033077318
932	0.497039165	0.458686665	0.125123794
933	-0.541288647	0.133935346	0.077332064
934	-0.935110186	0.016167315	0.263082076
935	0.784745897	0.034132383	0.097354871
936	0.61641991	0.725341919	-0.167145253
937	0.841067106	0.046463412	0.006492716
938	0.004600844	-0.908988666	0.052232769
939	-0.018470518	0.757932178	0.061968515
940	-0.228890494	0.781276296	-0.06766468
941	-0.324962102	0.711401957	0.1466062
942	0.931771054	-0.17993684	0.014836387
943	0.852426866	0.103864546	-0.118764868
944	-0.592459113	0.241313809	0.154960091
945	-0.203927632	0.762079053	0.197842099
946	-0.286372507	0.524634142	0.207053641
947	-0.590528328	0.208531476	-0.189846891
948	-0.076983113	0.891387793	0.178415258
949	0.949197734	0.221383007	-0.138788151
950	0.195336736	-0.798003878	0.122687122
951	-0.125967498	0.611795317	0.249411427
952	-0.369737996	0.542310396	0.212292069
953	0.760403785	0.114654118	-0.123767939
954	0.719260234	-0.269714781	-0.007601055
955	0.525258451	0.77211143	-0.101170745
956	0.270034706	-0.733794512	0.16095284
957	-0.780926158	0.576295597	-0.040269038
958	-0.745745642	-0.29605985	-0.042559342
959	-0.204382399	-0.013360106	-0.264024689
960	0.686706578	-0.185474107	-0.034125698
961	0.534357166	-0.350866888	-0.065359418
962	0.717547497	0.040789274	0.064027416
963	0.016437887	0.755756867	0.236463699
964	-0.822087018	-0.199711712	0.24163912
965	0.512347395	-0.694157164	-0.22883771
966	-0.716994567	0.235202071	0.057983603
967	-0.540586127	-0.282719729	-0.197116741
968	0.733870045	-0.448941299	-0.066700417
969	-0.345761676	0.56428704	0.129478021
970	-0.0588073	0.731544856	-0.012462296
971	-0.108211989	0.734451031	0.079781824
972	0.417347845	0.28895302	0.199583776
973	-0.648580005	0.351761899	0.159574419
974	-0.22463845	-0.752431332	-0.051760256
975	0.380453106	-0.735334323	-0.098288747
976	-0.794289659	-0.135634875	-0.227185249
977	0.588948224	0.534662816	0.0526528
978	0.606169122	0.514705732	0.204270338
979	-0.843817085	-0.256813685	0.084807282
980	-0.340024848	0.689653897	0.149718659
981	0.196410979	0.634775882	-0.212793717
982	0.210202917	-0.922788451	0.036362496
983	-0.094217614	0.773197322	-0.194425591
984	-0.2199866	0.668581746	0.045637097
985	0.848670392	-0.254193599	0.265070476
986	-0.711395289	-0.346502009	-0.089784213
987	0.114855599	0.722923846	-0.18673849
988	-0.515742984	0.480727795	-0.002748901
989	-0.348018215	0.392968985	0.194715416
990	0.75832589	-0.511054484	0.003019429
991	-0.841462641	0.376342744	0.068585231
992	0.407321086	-0.501780819	-0.030063622
993	0.864063299	-0.184915781	0.11942865
994	0.777914904	0.2378473	0.177244918
995	-0.835321428	-0.270260395	-0.10566012
996	-0.021413354	0.640437542	0.140273874
997	-0.101890785	0.922619918	0.136307352
998	-0.624659352	0.730452277	0.089177254
999	-0.490067713	0.609325285	0.029487153
1000	0.717690035	0.200078885	-0.004057913
1001	0.38762174	-0.669126634	-0.117057209
1002	-0.11209536	0.041065451	-0.142321076
1003	-0.528271715	0.35873011	0.189693195
1004	-0.794724601	-0.250712956	-0.029871464
1005	-0.37668221	0.570834878	0.242849396
1006	-0.091960272	0.668635638	-0.065350654
1007	-0.445399917	0.611770844	0.197579134
1008	-0.135864439	0.505781607	-0.158634926
1009	-0.432161744	0.683731166	0.090400037
1010	0.293830805	0.70525859	-0.210696596
1011	-0.946589039	0.139239949	0.249735884
1012	-0.688839793	0.437572754	0.240909583
1013	0.64077849	-0.481906292	-0.035890642
1014	0.729458259	0.399722577	-0.170187748
1015	0.306066287	0.699476282	0.14548319
1016	-0.76531017	-0.190430238	-0.176272993
1017	0.018971792	0.636230448	0.261822829
1018	-0.706907123	0.319329348	0.109164573
1019	0.332265835	-0.608521252	-0.031155475
1020	0.594774674	-0.572514432	-0.144235822
1021	-0.730925871	-0.573448767	-0.172262705
1022	-0.779747359	0.021303632	-0.250162388
1023	0.974035083	-0.172774278	0.025862817
1024	0.796759479	-0.5963017	0.226799844
1025	0.458103692	-0.547051045	-0.095531653
1026	0.687749184	0.40980999	-0.243413189
1027	-0.19884631	0.759441905	0.10056248
1028	0.400923428	0.64385991	0.003490673
1029	-0.630405564	0.381614262	-0.09309287
1030	-0.789021547	0.012291633	-0.120172209
1031	-0.640018697	0.296984964	0.206498555
1032	0.162959082	-0.737100183	-0.13882373
1033	0.343381582	0.619770109	-0.052731558
1034	0.600726747	-0.194232095	-0.251878546
1035	-0.145414389	0.701932742	0.24866073
1036	0.314018679	0.718811652	0.027434729
1037	-0.65543887	-0.448074603	0.073742496
1038	-0.573930157	0.469012484	-0.209375411
1039	0.333937124	-0.904325486	0.09430772
1040	-0.752572403	0.367867404	0.212556562
1041	0.786529608	0.010536511	-0.04248066
1042	-0.089411921	0.833893454	-0.260480489
1043	-0.551302184	0.504511976	-0.051576507
1044	-0.551088517	0.105878554	-0.218501523
1045	0.753456525	-0.488188715	0.040330224
1046	-0.525819377	0.59018747	-0.13255815
1047	-0.733978745	0.036430469	-0.146802318
1048	0.229442684	0.932752758	-0.168589835
1049	0.685756086	0.069970975	0.022274084
1050	0.312528309	-0.544789816	0.117322604
1051	-0.153323783	-0.823610412	0.206080047
1052	0.636123668	-0.249230104	-0.048295851
1053	-0.015172551	0.921786481	-0.247975138
1054	0.713142165	0.570221722	0.03047415
1055	-0.247394757	-0.491814876	-0.01629409
1056	-0.176730803	-0.291581746	-0.215120882
1057	-0.212203918	-0.750587733	-0.050596572
1058	-0.606018244	0.38360495	-0.260732111
1059	-0.537787234	-0.422005024	0.197488462
1060	-0.018708261	-0.696552972	0.051034031
1061	0.690485989	-0.201578692	-0.004616429
1062	-0.701064835	0.468843727	-0.079281259
1063	-0.253295813	0.400117527	0.044640233
1064	0.644621083	-0.385240229	-0.18323668
1065	0.557632791	0.393024234	0.252416871
1066	0.262104048	-0.613559401	0.014164294
1067	-0.259690221	0.739861207	-0.167324667
1068	-0.525819377	0.59018747	-0.13255815
1069	-0.733978745	0.036430469	-0.146802318
1070	0.229442684	0.932752758	-0.168589835
1071	0.685756086	0.069970975	0.022274084
1072	0.312528309	-0.544789816	0.117322604
1073	-0.153323783	-0.823610412	0.206080047
1074	0.636123668	-0.249230104	-0.048295851
1075	-0.015172551	0.921786481	-0.247975138
1076	0.713142165	0.570221722	0.03047415
1077	-0.247394757	-0.491814876	-0.01629409
1078	0.417347845	0.28895302	0.199583776
1079	-0.648580005	0.351761899	0.159574419
1080	-0.980498511	-0.038412486	-0.086723685
